1 2 1
2 3 4
1 3 1
1 4 1
2 4 2
1 5 1
2 5 5
2 6 1
3 6 1
6 7 2
2 7 1
1 8 1
3 8 2
1 9 1
3 9 2
5 10 1
8 10 1
2 11 1
3 11 1
6 12 3
7 12 1
12 13 1
10 13 1
7 14 2
2 14 1
6 15 6
13 15 2
2 16 5
3 16 1
14 17 1
10 17 1
7 18 6
2 18 1
7 19 1
14 19 2
3 20 1
7 20 2
7 21 1
1 21 1
3 22 2
12 22 1
7 23 1
3 23 2
12 24 1
3 24 3
2 25 1
1 25 1
3 26 3
12 26 1
1 27 2
7 27 1
3 28 1
14 28 1
2 29 1
1 29 1
2 30 1
3 30 6
26 31 1
5 31 1
15 32 1
7 32 16
11 33 1
31 33 3
3 34 1
2 34 1
12 35 2
31 35 4
12 36 3
6 36 1
3 37 2
12 37 4
24 38 1
1 38 1
1 39 3
12 39 10
11 40 1
3 40 1
26 41 3
6 41 1
14 42 5
2 42 1
42 43 5
13 43 3
19 44 2
12 44 2
1 45 4
2 45 1
34 46 1
12 46 1
10 47 1
2 47 21
21 48 1
15 48 1
12 49 1
2 49 2
4 50 4
5 50 1
48 51 1
2 51 1
26 52 1
41 52 1
2 53 3
14 53 4
27 54 1
2 54 1
41 55 1
37 55 1
14 56 12
10 56 2
2 57 3
14 57 1
24 58 1
31 58 1
6 59 1
5 59 2
5 60 1
44 60 2
1 61 1
8 61 1
2 62 1
26 62 4
2 63 1
3 63 1
5 64 1
2 64 3
61 65 1
2 65 1
15 66 2
2 66 2
2 67 7
32 67 1
2 68 4
31 68 1
26 69 13
22 69 22
28 70 1
25 70 1
1 71 1
34 71 3
7 72 2
10 72 3
68 73 1
28 73 1
37 74 1
41 74 1
65 75 1
5 75 1
66 76 2
60 76 5
1 77 1
7 77 1
10 78 1
2 78 1
44 79 1
36 79 3
10 80 2
69 80 2
6 81 1
2 81 1
38 82 4
6 82 3
48 83 6
3 83 4
6 84 1
59 84 6
18 85 1
6 85 1
1 86 1
2 86 1
27 87 4
8 87 2
66 88 2
5 88 1
3 89 2
76 89 1
6 90 1
3 90 1
29 91 2
69 91 1
13 92 1
66 92 1
26 93 8
15 93 3
70 94 8
13 94 1
10 95 1
7 95 1
86 96 1
66 96 1
10 97 1
3 97 2
14 98 1
7 98 2
71 99 1
60 99 2
1 100 1
44 100 1
50 101 1
3 101 1
45 102 1
42 102 1
59 103 3
70 103 4
77 104 1
69 104 1
15 105 1
52 105 2
6 106 2
3 106 1
81 107 1
91 107 4
14 108 4
66 108 10
6 109 1
3 109 2
84 110 1
64 110 1
22 111 1
3 111 1
75 112 1
91 112 1
58 113 1
71 113 3
3 114 1
31 114 2
2 115 1
110 115 1
82 116 3
65 116 1
29 117 1
2 117 2
14 118 3
62 118 1
3 119 2
2 119 9
57 120 1
29 120 1
26 121 2
83 121 1
62 122 1
38 122 1
26 123 1
62 123 1
8 124 1
3 124 1
101 125 3
89 125 2
7 126 2
90 126 1
34 127 1
9 127 2
1 128 1
91 128 1
61 129 4
105 129 2
61 130 1
14 130 1
10 131 1
66 131 1
6 132 2
7 132 1
84 133 1
10 133 1
17 134 2
6 134 2
1 135 6
42 135 2
3 136 1
12 136 4
7 137 1
11 137 1
1 138 2
60 138 1
91 139 1
2 139 1
110 140 3
3 140 1
2 141 2
48 141 1
41 142 1
1 142 1
64 143 3
18 143 4
59 144 1
48 144 2
21 145 1
7 145 1
1 146 1
3 146 4
81 147 1
3 147 1
28 148 1
100 148 1
55 149 2
61 149 3
6 150 2
3 150 1
1 151 1
128 151 1
74 152 2
26 152 2
10 153 64
31 153 2
3 154 1
7 154 2
34 155 1
87 155 22
16 156 1
11 156 1
116 157 1
72 157 1
112 158 3
81 158 5
147 159 1
61 159 1
15 160 1
44 160 1
15 161 1
3 161 3
108 162 1
30 162 1
151 163 1
141 163 2
145 164 6
3 164 5
2 165 1
6 165 1
164 166 1
67 166 1
8 167 1
41 167 1
55 168 2
98 168 1
5 169 2
6 169 1
18 170 1
58 170 3
1 171 1
34 171 1
75 172 1
63 172 1
170 173 1
1 173 1
11 174 5
3 174 1
41 175 3
10 175 8
13 176 1
3 176 1
7 177 1
3 177 1
7 178 1
8 178 1
7 179 4
3 179 1
6 180 1
10 180 1
53 181 1
169 181 2
89 182 6
45 182 2
10 183 1
61 183 1
3 184 1
171 184 1
8 185 1
71 185 1
9 186 1
25 186 1
182 187 1
146 187 4
15 188 1
163 188 1
116 189 1
31 189 1
126 190 1
8 190 1
56 191 1
13 191 1
3 192 1
10 192 1
11 193 12
48 193 2
62 194 2
175 194 1
48 195 1
186 195 2
14 196 1
10 196 4
74 197 1
8 197 1
5 198 1
38 198 1
22 199 1
183 199 3
91 200 1
43 200 1
38 201 2
132 201 1
12 202 3
166 202 1
2 203 3
101 203 1
41 204 1
1 204 1
102 205 2
100 205 1
83 206 1
169 206 1
22 207 10
169 207 1
24 208 2
5 208 1
101 209 1
7 209 6
42 210 1
164 210 1
94 211 1
23 211 1
48 212 1
18 212 1
64 213 1
11 213 1
128 214 1
6 214 1
38 215 3
68 215 1
151 216 3
94 216 1
7 217 9
202 217 1
31 218 1
79 218 3
10 219 1
129 219 2
150 220 1
117 220 2
195 221 2
170 221 2
50 222 1
24 222 2
62 223 1
5 223 1
2 224 1
18 224 2
25 225 1
89 225 1
7 226 1
1 226 1
25 227 2
34 227 2
24 228 3
13 228 2
81 229 7
165 229 1
191 230 1
163 230 1
7 231 1
2 231 1
196 232 1
27 232 1
91 233 1
212 233 1
57 234 1
55 234 1
32 235 1
8 235 2
2 236 1
1 236 4
54 237 1
5 237 7
140 238 1
7 238 1
201 239 1
78 239 2
136 240 1
65 240 1
45 241 2
81 241 1
215 242 1
178 242 1
28 243 1
6 243 1
7 244 2
128 244 1
3 245 5
195 245 1
1 246 1
24 246 2
165 247 7
26 247 2
216 248 3
3 248 1
6 249 2
201 249 2
81 250 1
156 250 1
71 251 2
7 251 11
200 252 1
48 252 1
3 253 1
26 253 1
74 254 2
81 254 1
228 255 1
54 255 1
165 256 1
132 256 1
62 257 1
42 257 1
1 258 1
41 258 2
51 259 1
13 259 1
1 260 1
2 260 1
7 261 1
101 261 1
179 262 1
229 262 1
118 263 1
1 263 1
3 264 1
137 264 1
27 265 1
51 265 2
3 266 1
79 266 6
166 267 2
21 267 1
7 268 1
237 268 2
100 269 1
1 269 2
6 270 1
5 270 1
191 271 2
117 271 3
170 272 1
36 272 6
10 273 1
19 273 1
28 274 2
53 274 1
27 275 5
180 275 1
1 276 1
12 276 2
17 277 11
74 277 55
1 278 1
6 278 2
2 279 1
5 279 1
71 280 1
28 280 1
5 281 1
180 281 2
83 282 3
3 282 1
158 283 1
68 283 1
1 284 6
45 284 1
91 285 1
12 285 1
266 286 1
5 286 1
18 287 1
126 287 1
73 288 1
173 288 1
31 289 2
175 289 1
5 290 1
6 290 1
24 291 1
148 291 2
42 292 1
165 292 1
201 293 5
2 293 1
136 294 1
57 294 4
226 295 1
74 295 1
71 296 1
2 296 1
244 297 5
34 297 2
196 298 2
1 298 13
45 299 2
10 299 1
198 300 1
244 300 1
182 301 2
98 301 1
2 302 1
123 302 1
125 303 1
79 303 10
281 304 3
90 304 1
137 305 1
109 305 13
289 306 1
81 306 1
223 307 1
81 307 1
126 308 2
12 308 1
70 309 1
1 309 2
3 310 1
272 310 2
160 311 1
219 311 1
165 312 1
114 312 2
69 313 3
7 313 2
149 314 1
5 314 3
39 315 1
173 315 1
10 316 2
140 316 6
28 317 1
265 317 1
305 318 1
18 318 2
178 319 2
7 319 1
161 320 1
176 320 1
14 321 1
5 321 3
307 322 2
297 322 1
261 323 2
81 323 1
3 324 1
5 324 2
37 325 2
300 325 1
224 326 1
134 326 1
150 327 2
147 327 1
325 328 11
148 328 1
69 329 5
160 329 1
320 330 1
288 330 2
179 331 1
5 331 1
120 332 3
2 332 1
160 333 3
1 333 2
2 334 7
230 334 2
26 335 1
232 335 1
5 336 1
42 336 1
41 337 1
3 337 1
60 338 6
105 338 4
165 339 28
29 339 21
21 340 3
31 340 1
171 341 1
330 341 1
2 342 1
141 342 2
61 343 2
52 343 1
328 344 2
8 344 4
145 345 1
319 345 1
221 346 1
223 346 1
107 347 1
215 347 1
18 348 1
316 348 2
29 349 1
74 349 2
204 350 1
119 350 2
176 351 1
163 351 2
145 352 1
159 352 1
309 353 3
120 353 1
14 354 1
277 354 3
235 355 1
7 355 3
107 356 1
2 356 1
195 357 6
329 357 2
2 358 1
13 358 2
287 359 3
99 359 3
1 360 13
6 360 1
139 361 1
65 361 1
24 362 2
13 362 1
194 363 1
137 363 2
25 364 6
11 364 1
164 365 1
130 365 2
290 366 4
108 366 1
160 367 1
5 367 1
6 368 1
90 368 1
69 369 1
11 369 1
1 370 1
36 370 5
6 371 2
116 371 1
13 372 1
59 372 1
11 373 1
71 373 1
196 374 3
312 374 3
3 375 1
76 375 1
7 376 4
43 376 6
5 377 1
194 377 1
12 378 4
1 378 2
159 379 1
2 379 1
335 380 1
66 380 7
169 381 6
361 381 1
136 382 1
147 382 1
100 383 1
302 383 1
382 384 2
230 384 1
91 385 2
213 385 2
210 386 1
1 386 1
12 387 1
21 387 1
6 388 2
204 388 1
58 389 1
163 389 3
7 390 1
76 390 1
56 391 1
18 391 6
272 392 15
265 392 1
7 393 1
268 393 1
6 394 8
274 394 1
71 395 1
148 395 1
19 396 1
128 396 1
36 397 1
90 397 1
61 398 1
59 398 1
145 399 1
41 399 1
7 400 3
78 400 1
397 401 1
139 401 2
99 402 2
347 402 2
57 403 3
331 403 4
245 404 9
3 404 1
126 405 1
268 405 1
162 406 2
6 406 1
71 407 8
8 407 1
3 408 1
109 408 1
219 409 1
55 409 1
331 410 1
12 410 1
194 411 2
309 411 1
31 412 2
61 412 1
109 413 1
204 413 4
244 414 3
193 414 1
10 415 1
31 415 2
51 416 2
12 416 1
112 417 1
163 417 3
195 418 2
15 418 2
6 419 1
3 419 1
161 420 2
390 420 1
387 421 8
227 421 5
143 422 1
232 422 1
11 423 2
62 423 25
191 424 1
384 424 4
163 425 2
3 425 1
25 426 1
158 426 1
67 427 4
7 427 1
118 428 1
406 428 3
81 429 2
1 429 2
382 430 1
66 430 1
66 431 1
48 431 2
237 432 1
7 432 1
63 433 2
37 433 1
216 434 1
413 434 2
11 435 4
265 435 1
7 436 1
94 436 3
192 437 2
300 437 2
268 438 1
100 438 1
291 439 1
293 439 3
44 440 2
51 440 1
274 441 1
10 441 1
14 442 1
10 442 1
34 443 1
183 443 4
91 444 2
12 444 1
371 445 1
175 445 2
5 446 1
3 446 2
220 447 1
1 447 1
201 448 1
267 448 1
276 449 3
7 449 2
260 450 1
91 450 1
180 451 1
1 451 3
145 452 1
361 452 1
161 453 1
150 453 7
431 454 1
22 454 2
424 455 5
25 455 2
186 456 2
104 456 1
14 457 1
373 457 1
393 458 1
2 458 1
314 459 3
297 459 3
48 460 1
244 460 1
369 461 1
268 461 2
182 462 1
368 462 1
151 463 1
70 463 2
12 464 1
262 464 1
110 465 4
188 465 1
298 466 1
89 466 1
49 467 1
14 467 1
48 468 1
279 468 2
31 469 1
86 469 1
206 470 1
2 470 3
194 471 8
67 471 5
47 472 1
405 472 1
407 473 3
51 473 2
169 474 1
1 474 1
136 475 1
423 475 4
86 476 2
287 476 1
10 477 1
277 477 4
306 478 10
30 478 3
24 479 2
307 479 1
217 480 1
48 480 1
3 481 1
187 481 1
208 482 1
21 482 1
157 483 1
43 483 2
182 484 2
426 484 1
70 485 1
47 485 1
319 486 1
2 486 4
101 487 1
219 487 1
186 488 1
1 488 1
188 489 1
21 489 1
162 490 1
56 490 1
132 491 1
4 491 1
164 492 1
3 492 1
7 493 1
3 493 1
147 494 1
331 494 7
371 495 4
362 495 3
18 496 2
3 496 1
179 497 1
291 497 1
147 498 1
7 498 2
91 499 1
20 499 2
55 500 3
213 500 1
46 501 2
331 501 3
387 502 5
7 502 1
64 503 1
91 503 4
26 504 1
126 504 3
260 505 3
272 505 1
128 506 3
7 506 1
1 507 1
125 507 2
4 508 1
6 508 1
387 509 2
13 509 1
26 510 1
183 510 1
3 511 2
65 511 1
502 512 5
182 512 1
196 513 1
291 513 1
371 514 1
478 514 1
18 515 1
93 515 1
120 516 4
347 516 1
307 517 1
348 517 14
44 518 1
90 518 5
132 519 1
227 519 1
120 520 1
178 520 4
31 521 1
258 521 1
265 522 5
13 522 21
66 523 2
3 523 1
272 524 1
252 524 2
178 525 1
380 525 1
13 526 1
220 526 2
129 527 3
366 527 7
287 528 1
69 528 1
286 529 2
347 529 3
495 530 1
516 530 1
281 531 3
24 531 1
497 532 1
145 532 1
22 533 3
11 533 1
31 534 1
72 534 2
7 535 4
5 535 1
452 536 1
74 536 2
178 537 2
486 537 1
512 538 1
20 538 1
163 539 1
214 539 2
422 540 2
11 540 1
105 541 7
216 541 1
12 542 2
474 542 1
181 543 1
406 543 1
202 544 1
150 544 1
182 545 1
489 545 2
150 546 4
275 546 1
73 547 3
41 547 1
335 548 1
408 548 2
2 549 3
31 549 1
12 550 1
66 550 1
61 551 1
404 551 1
250 552 8
6 552 2
403 553 4
147 553 4
285 554 2
66 554 1
6 555 2
101 555 5
362 556 1
8 556 1
124 557 3
102 557 1
484 558 1
291 558 2
2 559 1
428 559 1
103 560 1
136 560 5
77 561 4
7 561 1
225 562 2
169 562 1
276 563 3
5 563 3
165 564 1
137 564 1
186 565 1
24 565 1
552 566 1
12 566 3
51 567 1
198 567 1
221 568 1
287 568 1
323 569 4
290 569 2
31 570 1
2 570 1
276 571 1
7 571 1
516 572 8
90 572 1
180 573 2
476 573 15
255 574 5
5 574 2
455 575 1
57 575 1
321 576 1
1 576 1
146 577 2
245 577 1
160 578 2
100 578 2
331 579 1
459 579 1
437 580 1
412 580 1
262 581 1
469 581 2
27 582 1
127 582 1
10 583 2
429 583 2
26 584 5
48 584 1
184 585 1
163 585 2
442 586 13
13 586 1
262 587 1
36 587 3
332 588 1
31 588 1
294 589 1
244 589 1
403 590 4
55 590 1
278 591 1
337 591 1
103 592 1
5 592 1
71 593 2
240 593 1
256 594 2
26 594 1
395 595 3
10 595 1
268 596 1
139 596 1
1 597 3
544 597 1
331 598 1
179 598 6
347 599 2
94 599 1
158 600 1
408 600 1
56 601 2
129 601 1
307 602 1
18 602 1
307 603 3
211 603 3
276 604 2
241 604 1
108 605 1
120 605 4
198 606 3
37 606 1
14 607 2
21 607 1
91 608 1
192 608 1
180 609 4
21 609 1
560 610 1
408 610 2
41 611 1
398 611 5
100 612 1
99 612 1
384 613 2
2 613 1
8 614 1
64 614 1
252 615 2
139 615 19
473 616 1
537 616 2
303 617 1
447 617 2
141 618 1
21 618 1
548 619 1
346 619 2
5 620 3
422 620 1
123 621 1
288 621 1
61 622 1
279 622 1
56 623 1
103 623 4
241 624 1
389 624 1
182 625 6
119 625 2
83 626 2
310 626 1
222 627 8
229 627 1
2 628 1
26 628 1
3 629 1
209 629 4
603 630 1
126 630 1
258 631 5
65 631 2
48 632 1
405 632 1
588 633 8
8 633 1
210 634 9
37 634 1
204 635 1
180 635 1
306 636 1
116 636 8
630 637 1
228 637 1
3 638 1
584 638 2
254 639 2
181 639 1
7 640 2
165 640 1
195 641 1
154 641 1
228 642 1
165 642 3
424 643 1
51 643 1
534 644 1
561 644 1
356 645 1
255 645 1
530 646 2
158 646 1
306 647 1
456 647 3
150 648 1
550 648 3
354 649 1
275 649 1
41 650 1
590 650 1
242 651 1
21 651 1
196 652 1
1 652 1
235 653 2
170 653 5
10 654 1
344 654 1
237 655 1
36 655 3
630 656 2
1 656 2
319 657 1
194 657 1
268 658 1
219 658 1
5 659 1
617 659 5
1 660 1
427 660 2
107 661 1
285 661 1
66 662 1
61 662 1
53 663 1
12 663 1
170 664 1
264 664 4
3 665 3
546 665 1
225 666 2
358 666 1
24 667 2
6 667 1
568 668 2
584 668 2
6 669 5
293 669 1
5 670 1
150 670 2
139 671 1
92 671 1
331 672 1
6 672 1
2 673 1
182 673 33
550 674 4
103 674 1
473 675 1
27 675 3
10 676 13
100 676 1
424 677 1
195 677 1
521 678 2
294 678 1
101 679 1
14 679 1
318 680 3
244 680 1
47 681 3
511 681 1
575 682 1
2 682 1
405 683 1
362 683 1
10 684 1
309 684 2
112 685 1
21 685 1
5 686 1
213 686 1
28 687 1
59 687 1
501 688 1
81 688 2
451 689 8
156 689 6
3 690 1
270 690 4
91 691 1
6 691 1
92 692 1
175 692 1
71 693 1
7 693 1
59 694 2
335 694 1
306 695 2
182 695 1
529 696 9
105 696 4
123 697 1
3 697 2
538 698 10
397 698 1
36 699 1
54 699 1
146 700 10
9 700 7
184 701 4
120 701 1
81 702 1
99 702 8
505 703 2
396 703 3
357 704 1
594 704 2
517 705 4
353 705 7
666 706 1
22 706 4
241 707 2
484 707 1
2 708 1
620 708 1
365 709 16
319 709 1
24 710 16
558 710 1
354 711 1
624 711 1
158 712 4
295 712 1
148 713 1
91 713 1
594 714 5
196 714 1
484 715 1
117 715 2
682 716 2
7 716 11
7 717 1
41 717 1
472 718 5
118 718 2
294 719 1
256 719 2
595 720 1
114 720 1
97 721 1
7 721 2
211 722 2
617 722 1
115 723 1
19 723 4
399 724 1
629 724 1
369 725 7
64 725 2
110 726 2
550 726 1
3 727 2
7 727 1
658 728 1
322 728 1
198 729 1
362 729 1
587 730 1
280 730 1
7 731 2
191 731 1
20 732 1
81 732 1
17 733 1
427 733 3
21 734 1
721 734 1
348 735 2
635 735 3
13 736 1
395 736 1
240 737 6
221 737 3
91 738 1
591 738 1
81 739 1
497 739 4
222 740 1
107 740 2
142 741 1
662 741 2
308 742 1
530 742 2
18 743 1
23 743 1
373 744 1
57 744 1
679 745 1
464 745 1
34 746 2
266 746 1
505 747 1
320 747 1
26 748 1
49 748 1
437 749 4
29 749 1
721 750 1
545 750 5
81 751 2
73 751 1
387 752 1
566 752 1
57 753 1
295 753 1
509 754 1
208 754 1
353 755 1
408 755 1
530 756 2
6 756 3
482 757 1
187 757 1
494 758 3
362 758 7
1 759 2
3 759 1
173 760 1
307 760 1
227 761 1
78 761 1
140 762 1
241 762 5
3 763 3
562 763 2
439 764 1
512 764 1
12 765 2
49 765 1
6 766 1
415 766 1
174 767 1
499 767 1
5 768 3
11 768 2
158 769 1
41 769 3
148 770 1
563 770 5
356 771 1
141 771 1
367 772 2
14 772 1
244 773 1
408 773 1
71 774 1
2 774 4
6 775 4
60 775 1
471 776 3
21 776 1
316 777 2
382 777 1
262 778 1
123 778 1
533 779 1
397 779 1
9 780 2
132 780 2
48 781 1
44 781 1
180 782 1
6 782 1
582 783 6
597 783 1
641 784 1
306 784 2
375 785 1
11 785 1
144 786 1
168 786 1
689 787 1
2 787 1
1 788 1
718 788 2
29 789 1
386 789 1
309 790 2
36 790 1
191 791 1
227 791 1
267 792 1
734 792 1
772 793 2
172 793 1
408 794 1
149 794 2
776 795 1
210 795 1
496 796 1
610 796 1
1 797 2
604 797 1
10 798 2
427 798 1
587 799 1
186 799 1
41 800 1
122 800 7
150 801 1
110 801 1
264 802 1
66 802 1
362 803 1
3 803 7
242 804 1
387 804 2
446 805 2
107 805 1
105 806 6
356 806 1
121 807 2
110 807 1
10 808 1
20 808 1
319 809 2
6 809 1
2 810 1
719 810 1
776 811 1
127 811 1
545 812 1
281 812 1
15 813 1
632 813 1
66 814 1
48 814 1
7 815 1
5 815 2
13 816 1
104 816 1
277 817 5
418 817 1
36 818 1
353 818 4
474 819 2
21 819 1
557 820 1
312 820 1
498 821 1
691 821 8
189 822 1
188 822 1
1 823 2
2 823 1
678 824 1
422 824 1
107 825 1
101 825 1
3 826 2
144 826 1
75 827 9
10 827 1
18 828 1
274 828 5
25 829 1
1 829 1
90 830 2
97 830 2
45 831 1
125 831 2
87 832 1
2 832 2
362 833 16
109 833 1
573 834 1
576 834 1
5 835 4
243 835 2
215 836 4
628 836 1
90 837 7
289 837 1
13 838 2
702 838 1
262 839 2
2 839 1
8 840 3
149 840 1
588 841 1
43 841 1
645 842 2
173 842 2
100 843 1
5 843 1
451 844 1
6 844 1
136 845 1
494 845 1
3 846 1
532 846 1
1 847 1
50 847 1
210 848 1
407 848 1
51 849 2
362 849 1
276 850 1
537 850 1
2 851 1
141 851 1
196 852 1
464 852 1
406 853 1
724 853 1
3 854 1
104 854 24
136 855 1
177 855 3
62 856 1
405 856 2
815 857 1
396 857 1
63 858 1
19 858 1
545 859 2
31 859 1
671 860 3
216 860 1
684 861 2
33 861 1
773 862 2
12 862 2
13 863 1
267 863 4
41 864 1
831 864 1
30 865 1
100 865 1
71 866 1
48 866 3
6 867 1
335 867 1
89 868 2
846 868 1
20 869 1
233 869 4
164 870 1
48 870 1
70 871 1
19 871 6
19 872 1
34 872 3
481 873 1
521 873 3
478 874 3
97 874 4
10 875 2
26 875 1
195 876 1
433 876 1
71 877 1
791 877 6
57 878 17
164 878 1
714 879 1
70 879 3
1 880 1
89 880 1
141 881 1
305 881 1
6 882 9
280 882 2
71 883 3
530 883 1
837 884 1
127 884 1
59 885 2
66 885 1
180 886 1
654 886 1
262 887 3
1 887 1
13 888 1
594 888 1
319 889 3
616 889 1
639 890 2
244 890 2
31 891 1
89 891 3
3 892 1
234 892 1
55 893 1
2 893 4
150 894 1
482 894 1
868 895 1
98 895 1
629 896 1
213 896 1
719 897 1
26 897 1
650 898 2
31 898 2
276 899 1
7 899 1
163 900 7
808 900 1
45 901 5
10 901 1
22 902 3
505 902 4
278 903 1
827 903 2
515 904 2
5 904 1
395 905 1
102 905 1
7 906 1
440 906 3
6 907 12
392 907 1
103 908 1
244 908 2
1 909 1
14 909 3
505 910 1
10 910 1
616 911 1
186 911 1
36 912 2
98 912 1
100 913 1
212 913 1
550 914 1
111 914 1
149 915 2
360 915 1
11 916 15
458 916 2
747 917 1
182 917 1
522 918 2
564 918 3
42 919 1
163 919 1
256 920 1
91 920 1
559 921 1
12 921 1
518 922 1
63 922 3
1 923 1
182 923 1
622 924 1
148 924 2
462 925 2
591 925 2
140 926 1
1 926 1
25 927 4
41 927 1
23 928 1
623 928 6
267 929 1
337 929 7
396 930 1
51 930 1
316 931 3
195 931 1
21 932 1
32 932 9
234 933 1
378 933 1
183 934 1
293 934 1
844 935 3
324 935 3
557 936 1
182 936 1
738 937 3
13 937 2
265 938 2
169 938 2
202 939 2
7 939 1
290 940 2
137 940 3
795 941 12
130 941 1
94 942 1
92 942 1
795 943 1
530 943 1
931 944 1
362 944 2
760 945 2
274 945 1
838 946 1
357 946 5
472 947 1
89 947 1
150 948 2
246 948 1
749 949 1
574 949 1
99 950 1
319 950 3
510 951 1
384 951 5
13 952 8
262 952 1
444 953 1
7 953 1
813 954 6
305 954 1
41 955 2
127 955 2
18 956 1
211 956 1
311 957 5
247 957 1
101 958 1
288 958 1
179 959 1
197 959 1
100 960 1
48 960 5
91 961 1
37 961 1
3 962 1
8 962 2
770 963 1
140 963 2
41 964 1
13 964 1
309 965 1
179 965 3
109 966 3
778 966 1
310 967 1
219 967 1
464 968 2
131 968 1
100 969 1
63 969 1
291 970 1
902 970 1
144 971 1
684 971 1
5 972 2
824 972 1
212 973 1
170 973 1
276 974 3
183 974 2
227 975 1
14 975 1
612 976 1
182 976 1
110 977 1
13 977 1
94 978 2
661 978 14
60 979 5
109 979 2
962 980 3
148 980 1
100 981 2
760 981 1
409 982 2
3 982 2
147 983 1
668 983 4
723 984 1
73 984 1
588 985 6
151 985 1
24 986 1
281 986 1
491 987 1
126 987 1
389 988 2
171 988 3
139 989 1
348 989 1
21 990 2
868 990 2
150 991 1
508 991 1
200 992 2
165 992 1
319 993 4
3 993 1
2 994 1
3 994 1
316 995 1
992 995 1
241 996 3
347 996 2
397 997 1
605 997 1
350 998 1
5 998 1
41 999 1
34 999 1
612 1000 1
669 1000 1
14 1001 1
814 1001 2
10 1002 1
598 1002 1
451 1003 1
1 1003 1
2 1004 1
24 1004 1
534 1005 3
290 1005 4
184 1006 1
14 1006 6
869 1007 1
780 1007 3
831 1008 1
51 1008 35
459 1009 1
593 1009 1
37 1010 5
299 1010 1
260 1011 1
57 1011 3
963 1012 1
64 1012 1
704 1013 1
7 1013 1
343 1014 1
456 1014 1
257 1015 1
210 1015 2
99 1016 1
195 1016 1
758 1017 1
63 1017 4
71 1018 1
47 1018 1
702 1019 3
378 1019 1
179 1020 2
325 1020 2
358 1021 2
436 1021 2
376 1022 8
98 1022 1
183 1023 3
395 1023 1
436 1024 2
109 1024 2
105 1025 1
392 1025 1
616 1026 2
91 1026 1
128 1027 4
513 1027 4
148 1028 2
605 1028 1
41 1029 17
241 1029 1
260 1030 1
2 1030 1
244 1031 1
769 1031 3
362 1032 2
984 1032 1
394 1033 1
18 1033 3
7 1034 1
165 1034 1
7 1035 1
691 1035 4
7 1036 4
521 1036 1
298 1037 1
346 1037 4
621 1038 1
868 1038 2
2 1039 1
163 1039 10
398 1040 2
66 1040 1
497 1041 1
305 1041 4
42 1042 1
511 1042 1
7 1043 1
298 1043 5
7 1044 10
342 1044 3
378 1045 1
132 1045 1
24 1046 1
10 1046 1
24 1047 3
61 1047 10
246 1048 1
59 1048 1
1037 1049 2
382 1049 1
114 1050 1
65 1050 1
19 1051 4
6 1051 2
152 1052 2
99 1052 7
1037 1053 1
108 1053 4
483 1054 1
3 1054 1
312 1055 1
684 1055 2
387 1056 1
74 1056 1
583 1057 2
21 1057 2
628 1058 1
474 1058 1
375 1059 1
89 1059 1
709 1060 1
796 1060 1
41 1061 1
494 1061 1
102 1062 1
876 1062 1
876 1063 1
1 1063 1
2 1064 4
397 1064 2
412 1065 1
5 1065 1
155 1066 2
426 1066 4
217 1067 1
7 1067 1
1 1068 11
102 1068 1
629 1069 1
869 1069 2
52 1070 1
868 1070 1
6 1071 1
2 1071 1
1035 1072 1
3 1072 3
3 1073 1
518 1073 1
661 1074 1
148 1074 2
1068 1075 7
440 1075 2
561 1076 3
57 1076 74
349 1077 3
13 1077 1
105 1078 2
605 1078 2
557 1079 1
160 1079 1
1037 1080 2
656 1080 3
1 1081 1
8 1081 1
604 1082 1
180 1082 1
7 1083 1
2 1083 1
104 1084 1
62 1084 1
813 1085 3
166 1085 1
805 1086 2
37 1086 1
388 1087 1
886 1087 1
138 1088 1
5 1088 2
354 1089 1
238 1089 1
64 1090 3
1073 1090 7
480 1091 1
661 1091 4
102 1092 1
1039 1092 1
2 1093 1
137 1093 1
734 1094 10
28 1094 1
774 1095 1
10 1095 4
767 1096 1
14 1096 1
387 1097 1
660 1097 1
481 1098 1
151 1098 1
3 1099 9
257 1099 1
956 1100 2
309 1100 1
865 1101 1
335 1101 4
912 1102 1
197 1102 3
77 1103 1
162 1103 5
240 1104 1
3 1104 4
497 1105 2
180 1105 1
6 1106 2
126 1106 3
1013 1107 2
114 1107 1
378 1108 1
185 1108 1
141 1109 67
433 1109 4
286 1110 1
322 1110 1
1109 1111 1
332 1111 1
1 1112 1
6 1112 1
433 1113 3
489 1113 1
216 1114 1
58 1114 1
561 1115 1
819 1115 1
71 1116 1
7 1116 19
158 1117 1
446 1117 1
182 1118 4
162 1118 2
70 1119 2
275 1119 1
870 1120 1
10 1120 9
7 1121 3
897 1121 1
1049 1122 1
302 1122 1
1077 1123 1
18 1123 2
374 1124 2
274 1124 1
5 1125 1
369 1125 1
919 1126 1
3 1126 3
848 1127 3
1069 1127 1
46 1128 1
262 1128 1
195 1129 2
442 1129 1
540 1130 1
19 1130 1
789 1131 3
200 1131 1
887 1132 15
38 1132 7
89 1133 2
1037 1133 1
17 1134 5
6 1134 2
342 1135 1
107 1135 11
559 1136 1
10 1136 1
174 1137 2
756 1137 1
1112 1138 1
860 1138 1
5 1139 4
1 1139 2
289 1140 1
880 1140 1
956 1141 1
350 1141 6
732 1142 1
904 1142 5
89 1143 4
518 1143 1
59 1144 2
249 1144 2
919 1145 1
589 1145 1
31 1146 1
79 1146 13
389 1147 1
146 1147 1
620 1148 1
303 1148 1
31 1149 2
89 1149 1
215 1150 2
1 1150 1
1099 1151 1
283 1151 7
837 1152 2
436 1152 1
188 1153 1
6 1153 1
191 1154 1
132 1154 1
521 1155 1
146 1155 1
12 1156 1
787 1156 1
22 1157 2
3 1157 1
990 1158 6
283 1158 3
1116 1159 1
808 1159 1
1111 1160 1
811 1160 1
764 1161 1
882 1161 2
227 1162 3
8 1162 2
199 1163 4
237 1163 2
71 1164 3
4 1164 1
428 1165 1
713 1165 2
857 1166 1
132 1166 1
576 1167 1
55 1167 1
977 1168 3
72 1168 1
136 1169 1
787 1169 1
2 1170 1
182 1170 2
366 1171 1
163 1171 2
666 1172 2
480 1172 4
918 1173 1
124 1173 1
380 1174 1
231 1174 1
957 1175 1
235 1175 1
604 1176 1
851 1176 2
41 1177 1
13 1177 1
859 1178 1
992 1178 2
494 1179 4
367 1179 1
300 1180 1
337 1180 8
165 1181 2
813 1181 3
7 1182 4
560 1182 1
1039 1183 1
145 1183 3
997 1184 1
265 1184 1
2 1185 1
924 1185 3
406 1186 3
2 1186 3
979 1187 1
1 1187 1
2 1188 1
35 1188 2
212 1189 1
66 1189 1
117 1190 3
291 1190 2
847 1191 1
195 1191 1
22 1192 2
7 1192 1
1143 1193 1
268 1193 2
1065 1194 1
918 1194 2
214 1195 1
6 1195 1
13 1196 2
5 1196 1
447 1197 1
439 1197 4
8 1198 1
3 1198 6
15 1199 1
350 1199 1
6 1200 1
653 1200 1
1077 1201 1
980 1201 1
5 1202 2
395 1202 1
746 1203 1
1 1203 4
1 1204 1
276 1204 1
392 1205 1
1163 1205 2
240 1206 1
1 1206 1
493 1207 2
276 1207 1
865 1208 2
577 1208 1
810 1209 2
703 1209 1
63 1210 1
61 1210 1
15 1211 1
81 1211 1
217 1212 1
246 1212 1
4 1213 1
35 1213 1
10 1214 1
26 1214 3
1040 1215 6
675 1215 1
369 1216 2
303 1216 1
1022 1217 1
1 1217 2
188 1218 1
6 1218 1
706 1219 1
431 1219 3
678 1220 1
6 1220 1
228 1221 6
150 1221 2
2 1222 9
594 1222 2
63 1223 1
103 1223 3
143 1224 1
548 1224 2
300 1225 1
227 1225 1
1089 1226 4
29 1226 3
644 1227 2
482 1227 1
12 1228 1
6 1228 1
848 1229 1
810 1229 1
5 1230 2
1061 1230 4
18 1231 1
147 1231 1
319 1232 4
328 1232 1
987 1233 5
653 1233 3
6 1234 2
384 1234 3
312 1235 1
891 1235 2
117 1236 2
400 1236 1
34 1237 1
709 1237 1
1193 1238 1
767 1238 2
419 1239 1
835 1239 2
1080 1240 1
65 1240 1
4 1241 2
751 1241 1
510 1242 2
5 1242 15
844 1243 1
71 1243 1
694 1244 1
1193 1244 1
490 1245 3
204 1245 1
3 1246 1
28 1246 1
384 1247 1
31 1247 3
10 1248 1
690 1248 1
145 1249 7
953 1249 1
543 1250 1
139 1250 1
638 1251 2
408 1251 1
706 1252 1
227 1252 1
2 1253 1
59 1253 1
895 1254 1
182 1254 1
709 1255 1
1177 1255 4
207 1256 1
195 1256 1
1058 1257 1
10 1257 1
151 1258 9
774 1258 1
79 1259 1
1042 1259 1
734 1260 1
67 1260 1
824 1261 1
837 1261 1
162 1262 1
406 1262 1
384 1263 3
774 1263 2
5 1264 3
380 1264 1
3 1265 1
1194 1265 4
30 1266 1
5 1266 1
605 1267 2
108 1267 1
391 1268 1
165 1268 1
55 1269 1
24 1269 1
31 1270 1
2 1270 2
1246 1271 1
1126 1271 1
625 1272 2
784 1272 2
625 1273 6
973 1273 1
982 1274 2
1005 1274 2
3 1275 1
587 1275 1
818 1276 22
1185 1276 1
69 1277 1
178 1277 38
560 1278 1
713 1278 3
392 1279 1
11 1279 1
27 1280 8
690 1280 2
806 1281 1
976 1281 5
702 1282 1
961 1282 1
293 1283 1
5 1283 1
1156 1284 6
650 1284 1
7 1285 13
176 1285 1
1080 1286 2
591 1286 13
1061 1287 1
594 1287 1
774 1288 2
3 1288 1
908 1289 2
1269 1289 3
137 1290 2
870 1290 2
7 1291 1
641 1291 2
172 1292 2
1061 1292 1
868 1293 1
1243 1293 2
14 1294 2
7 1294 3
285 1295 1
573 1295 1
48 1296 1
184 1296 2
16 1297 1
1203 1297 1
444 1298 1
158 1298 1
512 1299 1
391 1299 4
99 1300 1
31 1300 1
187 1301 1
1246 1301 1
255 1302 2
164 1302 1
317 1303 2
365 1303 3
169 1304 1
182 1304 1
1057 1305 1
107 1305 6
119 1306 1
120 1306 1
63 1307 1
263 1307 1
564 1308 1
15 1308 1
255 1309 1
14 1309 1
865 1310 1
1243 1310 1
404 1311 4
140 1311 15
367 1312 2
454 1312 1
151 1313 2
102 1313 6
904 1314 5
262 1314 1
1020 1315 7
7 1315 1
713 1316 2
943 1316 3
83 1317 4
507 1317 1
71 1318 11
442 1318 1
435 1319 12
3 1319 2
770 1320 1
1087 1320 3
773 1321 3
245 1321 1
62 1322 2
1052 1322 2
1052 1323 1
540 1323 2
724 1324 1
394 1324 1
850 1325 1
19 1325 1
5 1326 2
1246 1326 1
307 1327 1
1254 1327 2
906 1328 1
247 1328 1
812 1329 1
684 1329 1
56 1330 1
726 1330 1
90 1331 2
185 1331 5
1052 1332 1
180 1332 11
216 1333 1
7 1333 1
159 1334 2
1332 1334 2
1313 1335 1
792 1335 1
1241 1336 1
827 1336 2
145 1337 1
699 1337 1
1194 1338 1
1256 1338 1
1146 1339 3
3 1339 5
456 1340 1
3 1340 1
43 1341 1
110 1341 1
148 1342 9
1089 1342 6
501 1343 1
41 1343 1
2 1344 1
904 1344 2
196 1345 1
59 1345 2
61 1346 2
91 1346 1
1030 1347 1
183 1347 1
366 1348 1
108 1348 1
50 1349 4
99 1349 1
355 1350 1
31 1350 1
24 1351 1
5 1351 4
1307 1352 1
656 1352 1
544 1353 1
884 1353 1
2 1354 2
1139 1354 1
1212 1355 5
1033 1355 2
1200 1356 1
999 1356 1
49 1357 1
218 1357 1
1061 1358 1
1019 1358 1
27 1359 1
200 1359 3
987 1360 2
34 1360 1
110 1361 3
88 1361 2
763 1362 3
203 1362 1
472 1363 1
6 1363 1
521 1364 1
110 1364 4
7 1365 2
700 1365 5
41 1366 4
165 1366 1
121 1367 1
221 1367 2
45 1368 1
887 1368 1
1128 1369 1
719 1369 8
11 1370 1
540 1370 5
1044 1371 2
10 1371 1
405 1372 1
279 1372 7
174 1373 1
153 1373 1
2 1374 1
13 1374 1
181 1375 1
308 1375 1
29 1376 1
590 1376 8
246 1377 1
471 1377 1
26 1378 2
1131 1378 1
26 1379 2
1217 1379 2
1023 1380 1
1101 1380 1
272 1381 4
1066 1381 1
635 1382 2
25 1382 1
638 1383 1
371 1383 1
110 1384 2
865 1384 1
610 1385 1
1301 1385 1
1301 1386 1
558 1386 1
1111 1387 3
216 1387 1
41 1388 1
1176 1388 1
412 1389 1
764 1389 1
41 1390 1
736 1390 1
753 1391 1
79 1391 1
5 1392 1
21 1392 3
2 1393 2
210 1393 1
255 1394 1
930 1394 25
71 1395 1
406 1395 1
148 1396 1
1090 1396 1
1032 1397 1
28 1397 4
691 1398 6
126 1398 3
1345 1399 2
980 1399 4
119 1400 1
1157 1400 1
255 1401 2
1346 1401 1
850 1402 1
1 1402 1
64 1403 1
42 1403 2
770 1404 1
285 1404 1
208 1405 1
392 1405 2
17 1406 1
1032 1406 1
510 1407 1
66 1407 6
379 1408 2
31 1408 2
800 1409 1
160 1409 1
478 1410 1
163 1410 1
530 1411 1
39 1411 1
560 1412 1
7 1412 1
370 1413 2
704 1413 2
5 1414 27
1347 1414 1
110 1415 1
22 1415 1
236 1416 1
559 1416 1
1050 1417 2
139 1417 2
18 1418 1
1380 1418 1
298 1419 1
25 1419 2
939 1420 4
83 1420 2
165 1421 1
607 1421 4
290 1422 1
292 1422 1
2 1423 1
347 1423 13
56 1424 1
289 1424 1
962 1425 2
1285 1425 3
924 1426 1
682 1426 1
763 1427 1
636 1427 1
402 1428 3
1337 1428 1
1362 1429 1
850 1429 1
91 1430 2
706 1430 5
1002 1431 1
442 1431 9
1247 1432 1
519 1432 2
3 1433 5
1148 1433 1
882 1434 1
1015 1434 1
918 1435 3
347 1435 3
148 1436 1
196 1436 3
1417 1437 1
1055 1437 1
266 1438 2
1362 1438 1
19 1439 1
544 1439 1
1161 1440 2
42 1440 2
362 1441 3
917 1441 1
813 1442 2
1321 1442 2
356 1443 1
19 1443 1
556 1444 1
1331 1444 1
203 1445 1
831 1445 1
819 1446 1
414 1446 1
1415 1447 1
1445 1447 1
1127 1448 5
1064 1448 1
383 1449 1
488 1449 2
595 1450 2
285 1450 3
1185 1451 1
1136 1451 1
7 1452 1
289 1452 1
32 1453 1
481 1453 2
11 1454 1
241 1454 1
254 1455 2
91 1455 4
594 1456 1
910 1456 1
6 1457 1
644 1457 5
1032 1458 1
887 1458 3
1084 1459 1
1 1459 1
292 1460 1
128 1460 7
1030 1461 1
824 1461 1
806 1462 3
12 1462 1
295 1463 1
924 1463 2
69 1464 1
81 1464 1
7 1465 1
781 1465 1
1 1466 1
1357 1466 5
1 1467 1
844 1467 1
6 1468 1
2 1468 8
227 1469 2
120 1469 5
474 1470 6
751 1470 1
103 1471 1
13 1471 1
796 1472 1
331 1472 1
307 1473 1
752 1473 2
98 1474 1
91 1474 1
1466 1475 1
17 1475 1
166 1476 2
45 1476 1
357 1477 1
56 1477 1
1254 1478 1
106 1478 2
1169 1479 1
83 1479 4
1 1480 1
1187 1480 2
12 1481 2
473 1481 1
361 1482 1
122 1482 2
1 1483 1
938 1483 2
850 1484 2
1478 1484 1
116 1485 1
459 1485 1
1167 1486 1
41 1486 1
480 1487 1
24 1487 2
323 1488 1
1310 1488 1
428 1489 2
560 1489 1
10 1490 2
86 1490 2
19 1491 3
1355 1491 2
1452 1492 1
55 1492 1
31 1493 1
929 1493 9
837 1494 1
901 1494 2
829 1495 1
89 1495 10
838 1496 7
71 1496 1
38 1497 1
79 1497 2
962 1498 1
593 1498 1
1297 1499 3
853 1499 1
1148 1500 7
7 1500 1
43 1501 10
1282 1501 1
62 1502 1
749 1502 15
11 1503 1
1410 1503 1
463 1504 1
1195 1504 1
98 1505 1
117 1505 1
110 1506 1
628 1506 3
1361 1507 4
31 1507 1
99 1508 2
815 1508 1
391 1509 1
1157 1509 1
892 1510 1
753 1510 3
2 1511 10
41 1511 1
183 1512 2
515 1512 9
13 1513 1
74 1513 1
7 1514 1
23 1514 1
38 1515 1
1412 1515 1
111 1516 1
961 1516 1
522 1517 4
481 1517 1
350 1518 1
835 1518 1
528 1519 4
975 1519 3
118 1520 1
191 1520 1
277 1521 1
1428 1521 1
1017 1522 3
316 1522 1
227 1523 1
6 1523 1
331 1524 1
787 1524 2
105 1525 1
551 1525 1
1047 1526 1
1375 1526 1
391 1527 2
551 1527 2
956 1528 1
266 1528 3
180 1529 2
264 1529 1
22 1530 5
331 1530 1
51 1531 1
3 1531 2
342 1532 2
706 1532 3
1180 1533 1
472 1533 1
1527 1534 1
1427 1534 1
1 1535 1
1068 1535 7
1226 1536 1
17 1536 8
510 1537 1
660 1537 2
559 1538 1
1469 1538 1
191 1539 1
770 1539 1
149 1540 1
1389 1540 1
2 1541 2
1096 1541 2
108 1542 1
1282 1542 1
971 1543 2
447 1543 2
147 1544 11
359 1544 1
48 1545 3
335 1545 1
562 1546 4
1329 1546 2
360 1547 1
121 1547 3
1378 1548 1
3 1548 1
196 1549 1
91 1549 1
161 1550 1
560 1550 1
99 1551 1
1 1551 3
2 1552 1
1133 1552 3
627 1553 1
660 1553 2
175 1554 1
123 1554 1
1444 1555 8
1246 1555 1
216 1556 1
266 1556 1
94 1557 1
214 1557 1
333 1558 3
194 1558 1
87 1559 1
978 1559 1
1274 1560 1
261 1560 1
534 1561 3
420 1561 1
1504 1562 1
113 1562 2
13 1563 3
250 1563 1
104 1564 1
374 1564 1
1436 1565 1
1158 1565 1
324 1566 2
1553 1566 1
726 1567 1
1107 1567 1
81 1568 1
563 1568 5
560 1569 2
3 1569 1
45 1570 1
1456 1570 1
249 1571 1
744 1571 1
2 1572 1
5 1572 1
1077 1573 4
482 1573 1
876 1574 1
36 1574 5
838 1575 5
137 1575 1
1031 1576 1
1125 1576 1
298 1577 1
1071 1577 1
1140 1578 1
83 1578 1
71 1579 1
66 1579 1
440 1580 1
1552 1580 1
585 1581 6
494 1581 1
26 1582 2
5 1582 2
635 1583 1
1248 1583 1
5 1584 1
379 1584 1
734 1585 1
1243 1585 3
448 1586 1
319 1586 1
1110 1587 1
6 1587 1
55 1588 1
1001 1588 1
1369 1589 1
390 1589 2
521 1590 1
2 1590 1
1135 1591 1
1077 1591 1
1218 1592 1
1 1592 1
872 1593 1
652 1593 1
110 1594 19
115 1594 5
312 1595 1
1577 1595 1
288 1596 10
215 1596 1
709 1597 4
436 1597 1
165 1598 1
182 1598 1
57 1599 1
1427 1599 1
103 1600 1
26 1600 1
69 1601 1
116 1601 1
1211 1602 3
1544 1602 7
634 1603 1
1489 1603 1
1247 1604 2
397 1604 2
590 1605 1
1457 1605 1
574 1606 1
215 1606 1
1107 1607 3
1367 1607 1
388 1608 18
747 1608 2
714 1609 1
850 1609 2
178 1610 3
750 1610 1
3 1611 1
2 1611 1
922 1612 1
1179 1612 1
328 1613 1
1084 1613 3
57 1614 1
91 1614 1
1076 1615 1
1117 1615 1
13 1616 1
38 1616 1
1580 1617 1
150 1617 1
34 1618 2
2 1618 1
7 1619 1
1580 1619 1
653 1620 1
180 1620 1
34 1621 1
1219 1621 1
433 1622 1
386 1622 1
1347 1623 1
883 1623 2
109 1624 2
753 1624 1
109 1625 2
930 1625 9
88 1626 1
89 1626 5
100 1627 2
331 1627 1
1497 1628 1
65 1628 1
311 1629 2
485 1629 6
27 1630 16
796 1630 3
1455 1631 2
552 1631 1
182 1632 1
242 1632 1
141 1633 1
1325 1633 3
220 1634 1
1554 1634 4
365 1635 1
975 1635 1
1193 1636 5
36 1636 1
1530 1637 7
593 1637 1
191 1638 4
907 1638 2
671 1639 1
513 1639 1
125 1640 1
90 1640 1
244 1641 1
59 1641 1
631 1642 4
147 1642 1
684 1643 1
512 1643 2
1343 1644 1
48 1644 3
994 1645 1
1384 1645 3
1572 1646 1
861 1646 6
920 1647 1
41 1647 2
1132 1648 3
75 1648 1
1033 1649 1
910 1649 8
625 1650 2
291 1650 1
151 1651 1
89 1651 1
1225 1652 1
709 1652 1
232 1653 1
750 1653 1
1272 1654 5
999 1654 1
6 1655 1
436 1655 2
5 1656 2
38 1656 1
918 1657 1
980 1657 1
7 1658 2
1140 1658 1
1190 1659 1
709 1659 3
308 1660 4
819 1660 3
1554 1661 2
1381 1661 1
2 1662 1
394 1662 4
1148 1663 1
1250 1663 1
537 1664 1
186 1664 1
442 1665 4
1032 1665 2
1194 1666 3
83 1666 6
584 1667 6
6 1667 11
148 1668 2
425 1668 2
276 1669 1
1551 1669 1
698 1670 2
73 1670 2
836 1671 1
1171 1671 1
103 1672 2
188 1672 1
81 1673 1
1029 1673 1
1588 1674 1
1403 1674 1
1374 1675 1
347 1675 1
448 1676 1
1064 1676 1
1453 1677 2
5 1677 1
1396 1678 1
87 1678 1
414 1679 1
5 1679 1
1667 1680 1
1484 1680 1
295 1681 1
244 1681 1
837 1682 3
838 1682 1
1669 1683 1
266 1683 3
31 1684 1
37 1684 1
408 1685 1
29 1685 1
146 1686 1
454 1686 1
1287 1687 1
19 1687 1
165 1688 4
455 1688 2
2 1689 1
22 1689 1
350 1690 8
493 1690 2
1255 1691 2
566 1691 2
255 1692 1
975 1692 13
203 1693 1
1185 1693 1
620 1694 1
256 1694 1
42 1695 1
47 1695 2
44 1696 2
6 1696 1
540 1697 1
324 1697 1
1086 1698 7
704 1698 1
348 1699 3
145 1699 1
3 1700 3
971 1700 1
1262 1701 2
827 1701 1
12 1702 1
734 1702 4
51 1703 1
747 1703 1
481 1704 3
448 1704 1
392 1705 3
45 1705 1
643 1706 1
1470 1706 2
12 1707 1
70 1707 2
48 1708 1
1173 1708 6
1618 1709 1
24 1709 1
266 1710 2
912 1710 1
228 1711 43
401 1711 1
323 1712 1
827 1712 2
56 1713 4
456 1713 3
717 1714 1
72 1714 1
1 1715 1
1579 1715 1
835 1716 1
50 1716 2
63 1717 1
982 1717 2
454 1718 1
28 1718 1
318 1719 1
1 1719 3
7 1720 2
377 1720 3
1297 1721 1
1149 1721 4
266 1722 1
13 1722 1
1172 1723 1
141 1723 3
314 1724 16
384 1724 1
598 1725 2
91 1725 1
545 1726 2
307 1726 1
22 1727 1
213 1727 2
848 1728 2
481 1728 1
29 1729 1
737 1729 1
1233 1730 8
1101 1730 1
200 1731 1
1092 1731 5
169 1732 1
551 1732 1
588 1733 3
351 1733 1
734 1734 1
557 1734 1
91 1735 1
392 1735 1
241 1736 1
428 1736 1
1340 1737 1
791 1737 1
1047 1738 2
266 1738 1
549 1739 2
1502 1739 1
204 1740 4
255 1740 1
1061 1741 1
254 1741 2
150 1742 1
1031 1742 1
363 1743 1
12 1743 1
1156 1744 1
143 1744 4
12 1745 1
281 1745 4
120 1746 1
109 1746 1
594 1747 1
1404 1747 1
774 1748 1
188 1748 1
1370 1749 4
132 1749 2
126 1750 1
1163 1750 2
10 1751 1
1731 1751 1
1258 1752 1
335 1752 5
1688 1753 1
150 1753 3
1402 1754 3
986 1754 1
227 1755 1
1483 1755 1
999 1756 1
457 1756 6
1405 1757 1
480 1757 1
1467 1758 1
463 1758 2
905 1759 1
195 1759 1
539 1760 1
399 1760 4
1326 1761 2
7 1761 1
831 1762 1
1224 1762 1
7 1763 3
61 1763 3
532 1764 1
123 1764 1
752 1765 1
924 1765 2
768 1766 4
1622 1766 2
1651 1767 1
1301 1767 1
835 1768 1
315 1768 3
1525 1769 1
672 1769 1
36 1770 1
1417 1770 1
120 1771 2
940 1771 2
348 1772 1
1406 1772 1
1610 1773 26
512 1773 7
732 1774 1
402 1774 1
1340 1775 1
120 1775 1
347 1776 4
3 1776 1
1368 1777 1
108 1777 1
1773 1778 3
179 1778 1
1217 1779 4
1550 1779 1
1125 1780 2
449 1780 1
150 1781 1
136 1781 1
515 1782 4
489 1782 1
461 1783 1
111 1783 11
83 1784 1
38 1784 8
1592 1785 1
1111 1785 3
173 1786 1
924 1786 1
371 1787 1
10 1787 1
1427 1788 2
1458 1788 1
1124 1789 7
750 1789 1
889 1790 1
27 1790 1
703 1791 2
302 1791 2
550 1792 2
1156 1792 1
886 1793 1
114 1793 1
369 1794 1
274 1794 1
767 1795 1
5 1795 1
772 1796 1
824 1796 1
1520 1797 1
961 1797 2
544 1798 1
110 1798 2
208 1799 4
809 1799 1
104 1800 2
1187 1800 1
588 1801 1
147 1801 10
1767 1802 1
52 1802 1
171 1803 1
1323 1803 1
8 1804 18
296 1804 7
1135 1805 1
3 1805 1
175 1806 1
1213 1806 1
65 1807 1
10 1807 1
1787 1808 4
210 1808 1
1182 1809 3
1392 1809 2
1278 1810 22
206 1810 4
276 1811 2
1446 1811 1
5 1812 1
1307 1812 1
7 1813 1
300 1813 1
1149 1814 1
71 1814 1
572 1815 1
1232 1815 1
261 1816 1
1552 1816 2
589 1817 1
1026 1817 1
1692 1818 3
1530 1818 1
336 1819 2
971 1819 1
1003 1820 2
382 1820 1
906 1821 2
6 1821 3
262 1822 1
51 1822 7
137 1823 1
323 1823 6
863 1824 1
1822 1824 1
231 1825 1
426 1825 8
28 1826 1
194 1826 4
31 1827 3
1426 1827 1
473 1828 7
255 1828 3
90 1829 1
2 1829 1
128 1830 2
1552 1830 1
830 1831 3
1507 1831 2
1019 1832 1
149 1832 1
13 1833 1
2 1833 1
1285 1834 1
413 1834 1
1516 1835 1
332 1835 10
660 1836 4
367 1836 1
71 1837 2
829 1837 1
1275 1838 1
1510 1838 2
987 1839 1
1531 1839 1
96 1840 1
1207 1840 1
879 1841 1
1227 1841 2
1226 1842 1
56 1842 1
1037 1843 2
187 1843 1
692 1844 4
216 1844 1
169 1845 1
605 1845 1
117 1846 1
863 1846 1
870 1847 1
1220 1847 1
345 1848 1
1709 1848 3
1500 1849 2
1625 1849 1
272 1850 2
595 1850 2
10 1851 4
1233 1851 2
594 1852 1
1134 1852 1
671 1853 1
844 1853 13
48 1854 1
26 1854 1
150 1855 1
534 1855 1
1132 1856 7
871 1856 2
5 1857 1
819 1857 10
35 1858 1
1634 1858 1
1161 1859 1
360 1859 2
52 1860 2
1077 1860 4
1228 1861 2
91 1861 2
18 1862 1
7 1862 2
421 1863 2
3 1863 1
1070 1864 1
366 1864 1
254 1865 8
1110 1865 1
1435 1866 1
11 1866 1
721 1867 1
1243 1867 1
307 1868 1
800 1868 1
6 1869 2
1758 1869 1
494 1870 2
126 1870 1
210 1871 1
732 1871 1
631 1872 2
979 1872 1
1054 1873 1
709 1873 1
1224 1874 1
1680 1874 1
1309 1875 2
748 1875 9
59 1876 1
1554 1876 7
31 1877 1
747 1877 1
1398 1878 2
5 1878 1
1037 1879 3
630 1879 2
1130 1880 1
175 1880 1
734 1881 1
628 1881 5
180 1882 1
1806 1882 1
1554 1883 1
6 1883 1
380 1884 1
752 1884 1
175 1885 3
1162 1885 1
1463 1886 1
105 1886 3
489 1887 1
1096 1887 1
983 1888 1
397 1888 2
1337 1889 1
360 1889 1
279 1890 1
219 1890 4
738 1891 2
1289 1891 1
1413 1892 3
285 1892 1
491 1893 1
1808 1893 7
677 1894 1
399 1894 3
521 1895 1
364 1895 7
180 1896 1
276 1896 1
1151 1897 1
331 1897 2
204 1898 1
549 1898 1
1481 1899 1
1366 1899 1
3 1900 1
66 1900 1
299 1901 1
387 1901 1
391 1902 1
375 1902 2
740 1903 3
776 1903 1
1594 1904 1
981 1904 1
674 1905 1
436 1905 2
1523 1906 1
913 1906 1
392 1907 1
1102 1907 1
968 1908 1
1061 1908 2
918 1909 1
1759 1909 1
323 1910 1
6 1910 1
569 1911 1
637 1911 1
436 1912 1
151 1912 3
544 1913 1
184 1913 1
1580 1914 2
816 1914 3
247 1915 2
1445 1915 2
227 1916 1
149 1916 1
735 1917 1
886 1917 1
1531 1918 1
34 1918 5
439 1919 1
1045 1919 4
89 1920 4
869 1920 2
263 1921 2
1516 1921 2
705 1922 1
401 1922 2
251 1923 1
1831 1923 1
1451 1924 3
2 1924 7
939 1925 1
983 1925 6
1129 1926 1
955 1926 4
8 1927 1
1354 1927 2
1841 1928 1
21 1928 1
1171 1929 1
1514 1929 1
5 1930 2
1 1930 11
971 1931 2
935 1931 1
10 1932 2
1343 1932 1
87 1933 1
1243 1933 5
14 1934 11
437 1934 1
1241 1935 1
169 1935 1
603 1936 1
998 1936 1
90 1937 3
308 1937 1
1026 1938 2
1912 1938 1
11 1939 1
971 1939 1
491 1940 1
1607 1940 2
789 1941 1
188 1941 3
41 1942 1
5 1942 1
767 1943 3
274 1943 1
1263 1944 1
1064 1944 1
1389 1945 1
574 1945 1
77 1946 3
736 1946 1
52 1947 2
1936 1947 2
3 1948 1
715 1948 2
844 1949 1
1605 1949 1
733 1950 3
164 1950 1
1037 1951 12
489 1951 1
110 1952 1
1326 1952 2
1087 1953 1
350 1953 4
29 1954 3
181 1954 1
5 1955 1
518 1955 1
1 1956 3
1710 1956 2
795 1957 2
156 1957 8
1313 1958 2
1827 1958 1
1911 1959 2
424 1959 1
689 1960 2
704 1960 1
1502 1961 1
566 1961 5
156 1962 1
516 1962 10
709 1963 2
73 1963 1
91 1964 1
1740 1964 1
1463 1965 7
832 1965 1
683 1966 1
1422 1966 1
81 1967 2
1766 1967 3
1756 1968 1
304 1968 1
121 1969 3
882 1969 3
758 1970 1
375 1970 1
56 1971 22
621 1971 4
102 1972 1
1703 1972 11
312 1973 1
557 1973 1
1336 1974 1
978 1974 1
330 1975 2
630 1975 1
610 1976 4
1411 1976 1
399 1977 1
48 1977 1
129 1978 1
395 1978 3
125 1979 1
159 1979 1
364 1980 1
37 1980 1
563 1981 1
494 1981 7
563 1982 1
2 1982 2
96 1983 1
5 1983 1
754 1984 2
12 1984 1
8 1985 1
34 1985 7
355 1986 3
979 1986 1
691 1987 1
1500 1987 1
1609 1988 2
350 1988 2
481 1989 1
1645 1989 3
1252 1990 1
409 1990 1
254 1991 3
356 1991 1
240 1992 1
1973 1992 3
1412 1993 2
1864 1993 1
943 1994 5
782 1994 4
31 1995 2
990 1995 2
150 1996 1
1936 1996 9
307 1997 1
378 1997 1
191 1998 1
150 1998 1
1947 1999 2
5 1999 1
1520 2000 3
1521 2000 2
292 2001 1
1851 2001 1
1639 2002 1
1530 2002 2
1265 2003 1
1082 2003 16
2 2004 1
1462 2004 1
391 2005 1
1349 2005 1
124 2006 7
31 2006 1
1076 2007 3
3 2007 1
74 2008 1
25 2008 3
198 2009 2
889 2009 1
10 2010 1
124 2010 1
1007 2011 2
1905 2011 1
1618 2012 1
1592 2012 1
1002 2013 1
102 2013 4
1326 2014 1
1745 2014 1
41 2015 1
403 2015 1
1925 2016 1
917 2016 1
819 2017 1
1013 2017 1
1601 2018 1
195 2018 4
12 2019 2
1859 2019 1
1902 2020 2
1287 2020 1
15 2021 2
1974 2021 1
932 2022 1
650 2022 1
91 2023 1
1329 2023 1
165 2024 15
1528 2024 1
378 2025 1
1401 2025 1
6 2026 1
1122 2026 2
1859 2027 2
1379 2027 1
482 2028 3
10 2028 3
947 2029 1
452 2029 2
90 2030 5
677 2030 1
1783 2031 1
2029 2031 1
181 2032 1
1662 2032 1
228 2033 5
150 2033 3
1353 2034 1
207 2034 1
219 2035 3
1179 2035 2
60 2036 1
295 2036 3
803 2037 2
621 2037 1
261 2038 7
41 2038 9
1244 2039 1
865 2039 1
1796 2040 4
168 2040 1
5 2041 2
2013 2041 2
748 2042 1
234 2042 2
51 2043 4
904 2043 1
799 2044 6
29 2044 1
736 2045 4
772 2045 1
1727 2046 1
3 2046 1
440 2047 1
335 2047 1
1563 2048 1
774 2048 2
240 2049 1
156 2049 2
1116 2050 1
1152 2050 1
630 2051 1
365 2051 3
1693 2052 1
347 2052 2
1375 2053 9
169 2053 3
1175 2054 1
38 2054 1
159 2055 1
1019 2055 1
637 2056 8
851 2056 2
12 2057 4
1453 2057 2
987 2058 2
1634 2058 1
1049 2059 1
677 2059 6
387 2060 2
1109 2060 1
368 2061 2
11 2061 1
2 2062 2
530 2062 1
75 2063 1
2 2063 1
227 2064 1
285 2064 1
1 2065 1
2 2065 37
1029 2066 7
1125 2066 3
2055 2067 1
1192 2067 1
1 2068 3
835 2068 1
1326 2069 1
1229 2069 1
1214 2070 1
978 2070 1
386 2071 1
1947 2071 1
123 2072 2
360 2072 2
647 2073 1
7 2073 3
1756 2074 1
455 2074 1
865 2075 1
661 2075 1
1129 2076 1
958 2076 1
493 2077 2
1297 2077 1
281 2078 1
480 2078 1
168 2079 1
686 2079 1
74 2080 1
70 2080 1
1608 2081 1
477 2081 1
1577 2082 1
1887 2082 1
11 2083 1
8 2083 1
157 2084 1
1104 2084 2
142 2085 4
1104 2085 1
213 2086 1
1952 2086 34
1233 2087 1
550 2087 1
1342 2088 2
1968 2088 1
437 2089 6
918 2089 2
353 2090 1
242 2090 6
5 2091 2
1510 2091 2
1136 2092 1
1384 2092 2
1 2093 1
77 2093 2
241 2094 1
1343 2094 1
88 2095 1
1185 2095 1
527 2096 1
693 2096 1
886 2097 1
1144 2097 2
71 2098 1
1210 2098 3
184 2099 1
91 2099 1
1412 2100 1
319 2100 2
2 2101 1
1867 2101 1
1055 2102 1
815 2102 2
7 2103 1
331 2103 1
169 2104 7
1982 2104 1
1297 2105 1
165 2105 1
581 2106 2
57 2106 1
842 2107 1
2055 2107 1
1248 2108 2
324 2108 1
530 2109 2
7 2109 1
1131 2110 1
1031 2110 2
300 2111 1
6 2111 3
926 2112 1
274 2112 1
218 2113 1
281 2113 1
151 2114 3
1692 2114 4
1592 2115 1
252 2115 1
7 2116 5
481 2116 2
1634 2117 1
112 2117 1
1137 2118 1
1376 2118 2
784 2119 3
178 2119 1
478 2120 16
59 2120 1
632 2121 1
1064 2121 2
274 2122 2
5 2122 1
630 2123 2
1108 2123 1
263 2124 3
637 2124 1
1 2125 1
13 2125 1
398 2126 1
185 2126 1
10 2127 1
887 2127 3
1053 2128 2
717 2128 1
595 2129 1
1332 2129 1
437 2130 1
140 2130 1
62 2131 5
940 2131 1
1057 2132 1
548 2132 6
711 2133 2
70 2133 1
102 2134 2
1740 2134 1
316 2135 1
164 2135 2
1414 2136 1
2 2136 1
72 2137 1
641 2137 1
54 2138 4
369 2138 2
1816 2139 3
7 2139 1
232 2140 1
145 2140 1
413 2141 1
136 2141 2
1062 2142 1
1095 2142 1
215 2143 1
1872 2143 1
277 2144 1
384 2144 1
1048 2145 1
1422 2145 1
1297 2146 1
456 2146 2
276 2147 1
315 2147 1
1489 2148 3
1019 2148 6
1192 2149 1
1409 2149 3
831 2150 1
1236 2150 3
208 2151 1
864 2151 1
182 2152 7
250 2152 4
1747 2153 2
3 2153 6
962 2154 1
582 2154 1
481 2155 1
234 2155 1
144 2156 2
37 2156 1
36 2157 2
1035 2157 1
1444 2158 1
1383 2158 2
918 2159 1
1845 2159 2
174 2160 2
182 2160 1
639 2161 1
1349 2161 1
178 2162 2
81 2162 1
652 2163 1
5 2163 1
3 2164 2
1701 2164 6
150 2165 2
2112 2165 5
1453 2166 1
1745 2166 1
1485 2167 1
423 2167 6
2032 2168 1
1003 2168 1
2086 2169 1
797 2169 1
1329 2170 9
1336 2170 1
182 2171 1
169 2171 1
471 2172 1
436 2172 5
1361 2173 2
1362 2173 1
45 2174 1
1215 2174 1
309 2175 1
13 2175 1
12 2176 1
994 2176 2
194 2177 2
539 2177 1
178 2178 2
1728 2178 1
1417 2179 5
146 2179 1
7 2180 5
409 2180 1
1271 2181 1
369 2181 3
1 2182 1
380 2182 2
137 2183 1
750 2183 1
365 2184 1
74 2184 3
1553 2185 1
1213 2185 1
163 2186 2
626 2186 1
1365 2187 9
1401 2187 2
1544 2188 2
392 2188 2
217 2189 2
1 2189 1
1246 2190 1
337 2190 2
253 2191 1
1375 2191 1
550 2192 1
1347 2192 1
1286 2193 2
509 2193 1
890 2194 1
404 2194 1
800 2195 1
7 2195 1
50 2196 4
1453 2196 1
619 2197 1
1434 2197 1
650 2198 3
5 2198 1
1563 2199 9
147 2199 3
108 2200 1
5 2200 1
612 2201 2
760 2201 1
1838 2202 1
1 2202 3
1141 2203 1
36 2203 2
717 2204 1
509 2204 1
1218 2205 1
957 2205 1
1051 2206 1
1195 2206 1
89 2207 2
631 2207 1
882 2208 1
1512 2208 1
774 2209 13
1352 2209 1
1758 2210 1
560 2210 1
2207 2211 1
732 2211 1
98 2212 2
998 2212 1
774 2213 4
1588 2213 1
994 2214 1
247 2214 1
38 2215 1
27 2215 10
109 2216 1
276 2216 1
1431 2217 2
246 2217 1
81 2218 1
979 2218 1
42 2219 1
1724 2219 1
1319 2220 1
484 2220 1
1300 2221 1
1313 2221 3
407 2222 1
530 2222 1
1039 2223 5
10 2223 1
392 2224 1
1211 2224 1
319 2225 1
439 2225 1
1847 2226 1
1795 2226 1
1805 2227 1
196 2227 4
169 2228 1
1957 2228 1
234 2229 1
2044 2229 1
408 2230 1
1336 2230 1
1299 2231 5
484 2231 1
456 2232 1
1030 2232 2
80 2233 2
210 2233 1
1775 2234 2
868 2234 2
620 2235 1
399 2235 2
365 2236 1
2110 2236 1
1695 2237 1
2091 2237 1
406 2238 1
1070 2238 2
113 2239 8
924 2239 4
38 2240 3
515 2240 42
734 2241 1
607 2241 1
908 2242 2
30 2242 1
2162 2243 3
813 2243 1
1100 2244 5
1038 2244 2
1922 2245 13
736 2245 1
77 2246 3
2169 2246 1
970 2247 1
1010 2247 2
2237 2248 1
41 2248 8
812 2249 1
502 2249 7
395 2250 1
346 2250 1
2093 2251 1
1282 2251 2
691 2252 1
1179 2252 1
12 2253 1
41 2253 45
14 2254 6
850 2254 1
7 2255 1
1185 2255 1
12 2256 1
177 2256 1
595 2257 1
1630 2257 1
38 2258 1
641 2258 2
1391 2259 1
1254 2259 13
18 2260 1
123 2260 2
1753 2261 4
66 2261 1
1577 2262 2
21 2262 2
2119 2263 1
963 2263 1
1143 2264 2
1995 2264 1
300 2265 19
114 2265 1
10 2266 9
1094 2266 4
543 2267 1
1 2267 3
337 2268 1
2 2268 1
179 2269 1
1801 2269 1
677 2270 4
316 2270 1
43 2271 1
770 2271 1
2074 2272 7
1922 2272 1
1520 2273 6
512 2273 1
14 2274 1
2 2274 1
1479 2275 1
89 2275 1
1415 2276 2
1325 2276 1
150 2277 5
1755 2277 1
2111 2278 1
480 2278 1
292 2279 1
63 2279 1
2 2280 4
2104 2280 1
1495 2281 1
2061 2281 2
1697 2282 1
598 2282 1
1626 2283 1
709 2283 1
887 2284 1
2202 2284 1
1243 2285 1
2 2285 1
1453 2286 3
1448 2286 1
325 2287 3
31 2287 5
865 2288 1
2185 2288 2
742 2289 1
335 2289 1
1339 2290 1
70 2290 4
2208 2291 1
1078 2291 3
31 2292 4
924 2292 1
1998 2293 1
685 2293 1
774 2294 6
750 2294 1
59 2295 9
194 2295 3
150 2296 1
255 2296 1
1820 2297 2
1047 2297 1
404 2298 1
2103 2298 1
178 2299 1
1474 2299 1
478 2300 2
305 2300 1
384 2301 2
1149 2301 1
356 2302 3
128 2302 1
6 2303 1
660 2303 2
335 2304 2
5 2304 1
350 2305 1
530 2305 2
1 2306 1
90 2306 1
7 2307 1
37 2307 5
2047 2308 3
1172 2308 1
1489 2309 1
1725 2309 2
684 2310 1
90 2310 1
1872 2311 2
1424 2311 6
11 2312 2
688 2312 1
15 2313 3
4 2313 1
3 2314 10
1062 2314 1
1 2315 6
669 2315 2
492 2316 2
2188 2316 3
230 2317 1
1777 2317 1
975 2318 1
1 2318 3
1550 2319 2
497 2319 2
1166 2320 1
6 2320 1
504 2321 2
1064 2321 1
268 2322 1
7 2322 1
482 2323 1
195 2323 1
100 2324 1
525 2324 1
1058 2325 1
1040 2325 1
965 2326 1
1755 2326 1
8 2327 1
1427 2327 2
1123 2328 1
738 2328 2
121 2329 1
1134 2329 7
45 2330 1
850 2330 2
681 2331 1
319 2331 1
1445 2332 1
3 2332 1
2041 2333 1
1037 2333 4
732 2334 1
2024 2334 1
120 2335 1
1015 2335 1
116 2336 1
445 2336 1
1988 2337 2
1608 2337 1
303 2338 1
190 2338 1
736 2339 1
3 2339 28
2245 2340 1
1 2340 7
115 2341 1
200 2341 1
1408 2342 3
1613 2342 1
391 2343 1
267 2343 1
455 2344 2
1163 2344 1
564 2345 1
956 2345 2
1849 2346 2
279 2346 1
169 2347 1
1463 2347 2
125 2348 1
397 2348 1
483 2349 1
227 2349 1
565 2350 1
1131 2350 3
2147 2351 1
621 2351 1
1384 2352 15
1279 2352 1
1696 2353 1
628 2353 1
831 2354 3
1690 2354 1
1171 2355 1
1195 2355 1
1089 2356 1
47 2356 1
5 2357 1
62 2357 6
2308 2358 1
1632 2358 1
1604 2359 1
109 2359 1
412 2360 1
1684 2360 3
2011 2361 1
91 2361 1
1000 2362 1
2008 2362 2
65 2363 2
227 2363 4
627 2364 1
2332 2364 1
1905 2365 1
325 2365 1
770 2366 1
456 2366 5
2209 2367 13
582 2367 4
120 2368 1
148 2368 2
1500 2369 1
2207 2369 3
1694 2370 1
48 2370 1
6 2371 1
2096 2371 5
2271 2372 1
1144 2372 2
1530 2373 1
137 2373 1
1625 2374 1
163 2374 1
81 2375 9
7 2375 1
21 2376 1
616 2376 1
99 2377 1
1084 2377 1
1774 2378 2
1773 2378 1
2199 2379 1
217 2379 8
1 2380 1
250 2380 4
48 2381 1
707 2381 1
473 2382 1
197 2382 1
102 2383 4
585 2383 1
247 2384 1
386 2384 1
1490 2385 1
1674 2385 1
1012 2386 1
1900 2386 2
2132 2387 1
2181 2387 1
889 2388 1
1982 2388 1
1838 2389 2
917 2389 11
210 2390 1
525 2390 2
384 2391 1
2092 2391 2
31 2392 1
10 2392 1
1 2393 2
2041 2393 1
41 2394 1
930 2394 1
2325 2395 1
2030 2395 1
669 2396 1
706 2396 3
157 2397 2
274 2397 8
158 2398 1
1137 2398 1
1795 2399 2
1482 2399 1
1523 2400 2
1696 2400 2
335 2401 1
3 2401 1
127 2402 2
455 2402 1
498 2403 4
2268 2403 2
574 2404 3
2303 2404 1
891 2405 1
45 2405 5
756 2406 4
183 2406 1
1362 2407 2
44 2407 1
5 2408 1
730 2408 3
1325 2409 1
971 2409 4
1130 2410 2
6 2410 1
1897 2411 1
81 2411 2
509 2412 2
105 2412 1
91 2413 1
760 2413 4
116 2414 1
109 2414 1
331 2415 1
229 2415 2
473 2416 1
1839 2416 3
41 2417 1
975 2417 2
16 2418 3
877 2418 2
2069 2419 1
1862 2419 1
19 2420 6
26 2420 1
1136 2421 1
621 2421 7
2153 2422 2
2080 2422 1
850 2423 3
1 2423 4
883 2424 1
145 2424 2
767 2425 1
321 2425 1
7 2426 1
1119 2426 1
864 2427 2
2 2427 1
10 2428 1
41 2428 3
1422 2429 1
690 2429 2
277 2430 1
408 2430 1
1047 2431 3
1329 2431 1
2062 2432 2
356 2432 1
61 2433 2
1463 2433 4
1637 2434 1
5 2434 5
1644 2435 2
268 2435 1
1368 2436 1
1867 2436 5
2046 2437 2
112 2437 1
1574 2438 1
1735 2438 1
19 2439 2
1944 2439 1
319 2440 1
1328 2440 2
117 2441 1
1948 2441 5
66 2442 1
1462 2442 1
650 2443 1
99 2443 1
314 2444 1
563 2444 4
559 2445 1
52 2445 4
2182 2446 2
660 2446 1
56 2447 1
1758 2447 1
533 2448 59
300 2448 4
1170 2449 1
140 2449 2
63 2450 2
5 2450 3
218 2451 1
1794 2451 3
1077 2452 1
1388 2452 1
1502 2453 2
1399 2453 1
1530 2454 1
1219 2454 1
289 2455 2
151 2455 1
319 2456 1
736 2456 1
368 2457 1
271 2457 1
691 2458 1
324 2458 4
107 2459 5
38 2459 1
448 2460 1
337 2460 1
381 2461 1
1547 2461 1
481 2462 1
1082 2462 1
121 2463 1
101 2463 1
175 2464 2
432 2464 1
1748 2465 1
154 2465 1
1220 2466 1
1859 2466 1
2213 2467 1
1492 2467 1
177 2468 1
955 2468 4
442 2469 1
1453 2469 2
561 2470 2
165 2470 1
1642 2471 1
1016 2471 2
2447 2472 2
1805 2472 1
1918 2473 1
660 2473 1
754 2474 2
1308 2474 1
188 2475 1
364 2475 1
568 2476 3
42 2476 1
411 2477 1
574 2477 2
493 2478 2
1277 2478 2
496 2479 1
1997 2479 1
532 2480 1
915 2480 1
744 2481 1
6 2481 1
344 2482 6
2020 2482 9
12 2483 1
3 2483 2
330 2484 1
263 2484 1
946 2485 1
170 2485 8
232 2486 7
995 2486 1
1211 2487 1
2106 2487 2
1064 2488 3
645 2488 1
58 2489 1
2380 2489 3
1294 2490 1
164 2490 5
2290 2491 2
1951 2491 1
821 2492 1
1020 2492 1
1031 2493 21
758 2493 1
2057 2494 2
1220 2494 11
196 2495 1
1717 2495 1
1495 2496 5
1666 2496 6
2304 2497 1
816 2497 1
478 2498 1
2146 2498 1
97 2499 1
2181 2499 1
887 2500 2
616 2500 1
59 2501 1
105 2501 1
1442 2502 2
530 2502 4
57 2503 1
2352 2503 5
385 2504 1
838 2504 1
64 2505 1
1011 2505 1
2208 2506 2
195 2506 1
2036 2507 6
87 2507 1
1147 2508 1
315 2508 1
2 2509 1
318 2509 3
1965 2510 1
11 2510 6
1692 2511 5
3 2511 4
1171 2512 1
210 2512 1
865 2513 2
781 2513 1
242 2514 2
1285 2514 1
981 2515 1
366 2515 1
204 2516 1
324 2516 1
379 2517 1
2189 2517 2
1725 2518 1
1703 2518 1
1653 2519 4
2068 2519 1
13 2520 2
1453 2520 1
128 2521 2
2 2521 8
1019 2522 8
2000 2522 1
2 2523 1
902 2523 6
2141 2524 3
1135 2524 5
1089 2525 1
1 2525 2
1530 2526 1
3 2526 1
760 2527 1
91 2527 4
338 2528 1
440 2528 1
756 2529 1
78 2529 1
107 2530 4
26 2530 1
6 2531 2
109 2531 1
850 2532 1
560 2532 1
2312 2533 1
48 2533 1
1137 2534 1
1910 2534 5
166 2535 1
1536 2535 17
6 2536 1
1323 2536 1
438 2537 1
1477 2537 2
368 2538 1
2193 2538 7
529 2539 4
2420 2539 1
1576 2540 2
1211 2540 1
203 2541 12
22 2541 2
2 2542 1
36 2542 1
353 2543 1
1233 2543 1
1297 2544 1
1440 2544 1
1213 2545 4
1002 2545 1
324 2546 1
55 2546 4
1422 2547 1
299 2547 1
204 2548 1
1875 2548 9
1174 2549 1
637 2549 1
983 2550 1
1774 2550 3
1516 2551 1
538 2551 2
1529 2552 1
368 2552 1
180 2553 1
213 2553 67
1401 2554 2
2090 2554 2
1150 2555 1
98 2555 2
2115 2556 1
1719 2556 1
171 2557 5
289 2557 5
753 2558 1
247 2558 1
660 2559 3
1986 2559 2
740 2560 4
1974 2560 2
310 2561 1
253 2561 2
298 2562 1
2297 2562 1
1155 2563 8
492 2563 1
1160 2564 1
1453 2564 4
679 2565 1
2460 2565 3
115 2566 1
6 2566 2
2362 2567 1
1520 2567 1
1169 2568 38
145 2568 1
21 2569 1
283 2569 1
111 2570 3
397 2570 1
242 2571 1
2014 2571 12
660 2572 3
917 2572 1
2524 2573 1
67 2573 2
406 2574 1
256 2574 1
180 2575 7
368 2575 1
371 2576 1
7 2576 1
384 2577 1
704 2577 2
288 2578 1
442 2578 1
6 2579 5
140 2579 3
1645 2580 1
471 2580 1
2439 2581 3
580 2581 5
892 2582 1
511 2582 1
148 2583 2
14 2583 1
594 2584 2
850 2584 1
1102 2585 1
2517 2585 1
850 2586 1
1111 2586 1
12 2587 1
13 2587 1
832 2588 7
1867 2588 2
1275 2589 1
658 2589 1
2519 2590 1
1392 2590 2
1408 2591 1
60 2591 2
64 2592 4
357 2592 2
12 2593 1
468 2593 3
1313 2594 1
2563 2594 1
1947 2595 6
719 2595 2
473 2596 1
2450 2596 1
130 2597 1
709 2597 2
2012 2598 1
1348 2598 1
582 2599 1
11 2599 3
2502 2600 1
356 2600 1
994 2601 1
474 2601 1
864 2602 1
1906 2602 2
163 2603 1
705 2603 5
2094 2604 3
616 2604 1
3 2605 1
104 2605 1
62 2606 1
1547 2606 1
1500 2607 1
17 2607 1
882 2608 1
647 2608 1
605 2609 1
530 2609 1
10 2610 1
14 2610 1
1244 2611 1
1822 2611 5
196 2612 1
1710 2612 1
1205 2613 2
1390 2613 1
2575 2614 2
66 2614 8
6 2615 3
163 2615 1
1952 2616 1
139 2616 1
48 2617 1
2278 2617 2
403 2618 1
2069 2618 1
59 2619 2
2197 2619 2
249 2620 2
1536 2620 1
89 2621 1
1026 2621 3
1058 2622 1
543 2622 1
2601 2623 2
1253 2623 3
887 2624 1
303 2624 1
841 2625 1
1035 2625 1
347 2626 1
10 2626 1
1667 2627 1
963 2627 1
13 2628 3
182 2628 2
7 2629 2
57 2629 1
347 2630 1
232 2630 1
3 2631 1
426 2631 1
184 2632 6
188 2632 1
274 2633 4
957 2633 1
2476 2634 1
372 2634 1
1690 2635 1
2116 2635 1
52 2636 1
2545 2636 1
1328 2637 1
2515 2637 2
25 2638 3
832 2638 1
2399 2639 2
69 2639 7
266 2640 1
21 2640 1
2175 2641 2
1663 2641 1
7 2642 1
73 2642 1
578 2643 2
1735 2643 1
365 2644 2
582 2644 1
1951 2645 2
585 2645 1
1757 2646 1
140 2646 1
31 2647 5
2259 2647 1
257 2648 8
2577 2648 1
1643 2649 1
2004 2649 1
753 2650 2
2371 2650 1
563 2651 1
1774 2651 18
68 2652 1
226 2652 1
918 2653 1
621 2653 1
1877 2654 2
149 2654 2
459 2655 3
2514 2655 1
1378 2656 1
2334 2656 1
905 2657 1
1102 2657 1
2223 2658 6
19 2658 1
137 2659 1
247 2659 1
294 2660 2
1893 2660 1
1921 2661 1
332 2661 9
476 2662 2
6 2662 1
886 2663 2
957 2663 1
2096 2664 2
1367 2664 10
1080 2665 3
1365 2665 2
1135 2666 1
180 2666 1
5 2667 1
591 2667 4
2667 2668 1
203 2668 1
3 2669 1
1008 2669 1
2032 2670 12
163 2670 3
498 2671 1
701 2671 2
2074 2672 1
387 2672 1
1576 2673 1
367 2673 1
126 2674 1
1932 2674 3
1439 2675 1
441 2675 2
21 2676 4
16 2676 1
1106 2677 2
1852 2677 9
1374 2678 3
560 2678 2
1827 2679 2
2474 2679 1
1611 2680 1
1588 2680 35
288 2681 1
574 2681 1
5 2682 1
2218 2682 2
293 2683 1
12 2683 3
3 2684 2
932 2684 6
337 2685 10
398 2685 1
2128 2686 2
1780 2686 1
2534 2687 4
1926 2687 1
543 2688 1
387 2688 1
971 2689 2
1025 2689 2
1 2690 2
684 2690 1
5 2691 1
1303 2691 3
1787 2692 1
1135 2692 1
594 2693 1
1722 2693 1
3 2694 1
12 2694 1
576 2695 1
181 2695 1
902 2696 8
2307 2696 2
859 2697 1
2111 2697 1
1401 2698 1
935 2698 1
1051 2699 1
2445 2699 11
251 2700 1
1190 2700 1
2208 2701 1
397 2701 1
1457 2702 1
1057 2702 1
550 2703 4
781 2703 4
1867 2704 5
685 2704 1
1025 2705 1
606 2705 1
112 2706 4
1615 2706 2
1725 2707 1
191 2707 1
1375 2708 3
2404 2708 3
2048 2709 2
255 2709 1
490 2710 5
1307 2710 1
145 2711 1
1326 2711 1
10 2712 1
247 2712 1
747 2713 1
1213 2713 2
288 2714 1
1587 2714 1
1916 2715 1
169 2715 1
442 2716 2
2 2716 1
1432 2717 2
687 2717 1
1968 2718 1
128 2718 10
1215 2719 2
26 2719 1
594 2720 1
1600 2720 2
136 2721 1
1186 2721 1
1180 2722 1
1754 2722 1
1043 2723 1
369 2723 3
558 2724 1
2 2724 2
971 2725 5
3 2725 1
3 2726 1
2574 2726 1
566 2727 1
1037 2727 1
48 2728 1
2391 2728 1
169 2729 1
819 2729 1
1061 2730 2
98 2730 3
178 2731 2
41 2731 2
16 2732 1
2323 2732 1
48 2733 1
1224 2733 3
1154 2734 1
1331 2734 1
851 2735 1
1129 2735 1
514 2736 71
2103 2736 1
121 2737 1
1898 2737 1
475 2738 5
147 2738 1
1358 2739 4
671 2739 1
4 2740 4
139 2740 13
197 2741 4
156 2741 12
2729 2742 2
1532 2742 1
13 2743 3
1735 2743 10
1118 2744 1
1073 2744 1
285 2745 1
139 2745 1
97 2746 5
98 2746 1
25 2747 1
48 2747 1
1220 2748 1
1082 2748 11
1470 2749 1
14 2749 1
2574 2750 2
1154 2750 2
886 2751 6
129 2751 1
593 2752 1
2301 2752 1
316 2753 8
92 2753 5
956 2754 1
2 2754 5
819 2755 2
283 2755 2
2 2756 2
18 2756 2
1092 2757 1
833 2757 1
1659 2758 1
3 2758 2
1651 2759 1
2504 2759 1
7 2760 3
559 2760 5
734 2761 1
709 2761 1
211 2762 1
41 2762 1
620 2763 2
1456 2763 1
291 2764 12
158 2764 3
1055 2765 1
1696 2765 1
428 2766 1
592 2766 2
36 2767 4
1620 2767 1
2447 2768 1
1414 2768 1
762 2769 2
430 2769 2
2407 2770 1
2650 2770 54
1282 2771 3
1368 2771 1
2759 2772 1
90 2772 1
396 2773 4
1138 2773 1
2203 2774 1
48 2774 1
368 2775 1
778 2775 2
14 2776 1
377 2776 1
2744 2777 2
5 2777 1
88 2778 4
7 2778 2
203 2779 1
34 2779 1
565 2780 2
1114 2780 1
1131 2781 1
1229 2781 1
91 2782 2
3 2782 1
352 2783 1
1047 2783 1
2203 2784 1
405 2784 1
331 2785 3
2779 2785 3
329 2786 1
1650 2786 1
1362 2787 1
2089 2787 3
1136 2788 1
121 2788 2
395 2789 1
146 2789 2
568 2790 1
14 2790 1
5 2791 1
157 2791 1
79 2792 1
462 2792 1
98 2793 1
675 2793 1
3 2794 2
1054 2794 1
139 2795 1
1422 2795 1
882 2796 1
685 2796 1
1290 2797 2
298 2797 1
228 2798 1
1445 2798 1
109 2799 2
1137 2799 1
948 2800 1
1422 2800 2
1515 2801 1
1137 2801 2
1285 2802 2
13 2802 1
594 2803 1
2 2803 1
74 2804 1
2312 2804 5
518 2805 1
7 2805 1
1089 2806 1
793 2806 2
1114 2807 1
2148 2807 2
2207 2808 1
170 2808 8
2259 2809 1
2574 2809 22
1958 2810 14
55 2810 4
14 2811 3
382 2811 1
7 2812 9
868 2812 1
2593 2813 1
999 2813 1
1016 2814 2
463 2814 2
1802 2815 3
770 2815 1
84 2816 2
574 2816 1
249 2817 1
2482 2817 5
1237 2818 1
2623 2818 4
392 2819 2
802 2819 2
1572 2820 1
1564 2820 1
11 2821 3
309 2821 1
62 2822 13
493 2822 1
155 2823 1
8 2823 1
925 2824 1
554 2824 5
2660 2825 1
65 2825 1
5 2826 3
45 2826 6
1676 2827 1
26 2827 1
631 2828 2
259 2828 1
480 2829 1
286 2829 1
1040 2830 1
2512 2830 85
2534 2831 1
2491 2831 11
19 2832 1
81 2832 1
912 2833 1
760 2833 1
418 2834 1
1057 2834 1
2513 2835 1
2711 2835 1
184 2836 1
594 2836 1
289 2837 5
1352 2837 1
574 2838 1
2112 2838 4
11 2839 1
373 2839 1
2798 2840 2
1211 2840 3
659 2841 1
215 2841 4
1379 2842 2
221 2842 1
2374 2843 5
1871 2843 3
1249 2844 1
13 2844 1
2798 2845 1
889 2845 1
180 2846 1
808 2846 1
2646 2847 1
76 2847 2
2483 2848 2
48 2848 1
81 2849 18
1667 2849 4
309 2850 4
184 2850 1
1935 2851 1
94 2851 14
331 2852 1
14 2852 1
33 2853 2
94 2853 1
1349 2854 1
835 2854 3
537 2855 1
1187 2855 3
2162 2856 1
997 2856 1
485 2857 1
2513 2857 1
409 2858 1
177 2858 10
137 2859 1
530 2859 3
1363 2860 1
263 2860 1
5 2861 1
539 2861 1
2649 2862 1
2811 2862 1
87 2863 2
6 2863 3
1525 2864 15
295 2864 3
1741 2865 1
684 2865 1
2857 2866 1
1588 2866 1
2826 2867 1
364 2867 1
196 2868 5
1012 2868 2
1591 2869 1
2522 2869 1
41 2870 38
108 2870 1
2372 2871 1
1059 2871 1
2 2872 1
1785 2872 3
2214 2873 1
369 2873 1
1219 2874 1
2722 2874 3
1864 2875 1
1147 2875 1
1247 2876 1
1139 2876 1
713 2877 1
1184 2877 1
1285 2878 2
6 2878 6
20 2879 2
216 2879 1
210 2880 1
21 2880 17
147 2881 1
395 2881 3
1490 2882 1
14 2882 3
228 2883 2
1201 2883 1
653 2884 2
57 2884 1
1323 2885 1
1776 2885 11
234 2886 1
480 2886 3
1178 2887 1
1896 2887 2
183 2888 7
1724 2888 1
1832 2889 8
1643 2889 2
800 2890 1
521 2890 1
2658 2891 3
1873 2891 1
2022 2892 1
1090 2892 1
549 2893 1
934 2893 1
10 2894 9
988 2894 4
5 2895 6
1952 2895 1
418 2896 1
456 2896 1
2399 2897 1
1618 2897 1
1474 2898 2
874 2898 2
110 2899 4
1805 2899 1
1 2900 1
268 2900 6
880 2901 1
1280 2901 1
589 2902 1
466 2902 1
18 2903 1
67 2903 2
665 2904 3
1618 2904 1
2179 2905 1
166 2905 1
481 2906 1
169 2906 1
680 2907 1
1912 2907 1
1269 2908 1
1801 2908 1
1696 2909 2
1178 2909 1
697 2910 2
808 2910 1
275 2911 1
375 2911 24
906 2912 1
173 2912 1
275 2913 1
2310 2913 3
1075 2914 3
216 2914 7
772 2915 1
2399 2915 1
1623 2916 2
107 2916 1
136 2917 4
2001 2917 1
182 2918 1
802 2918 2
1145 2919 2
2545 2919 2
588 2920 1
2322 2920 1
244 2921 1
215 2921 7
17 2922 11
2427 2922 2
2706 2923 11
1361 2923 1
2249 2924 1
1634 2924 1
684 2925 1
1307 2925 2
481 2926 2
216 2926 2
1354 2927 1
47 2927 1
97 2928 1
1973 2928 4
977 2929 1
182 2929 7
1574 2930 1
2329 2930 2
227 2931 3
159 2931 2
91 2932 2
835 2932 1
207 2933 7
1143 2933 17
2347 2934 1
850 2934 1
566 2935 1
2582 2935 1
1387 2936 1
6 2936 1
582 2937 2
1075 2937 2
124 2938 1
675 2938 4
371 2939 1
2647 2939 1
12 2940 2
2579 2940 2
1415 2941 1
430 2941 8
283 2942 1
1147 2942 1
2093 2943 1
705 2943 1
604 2944 1
268 2944 1
1135 2945 2
533 2945 1
1553 2946 1
1171 2946 2
2750 2947 1
11 2947 2
1051 2948 1
195 2948 1
2291 2949 1
1537 2949 1
2660 2950 1
1845 2950 1
51 2951 1
2532 2951 2
1842 2952 2
1102 2952 4
1057 2953 3
1157 2953 1
1655 2954 1
2127 2954 1
136 2955 1
1180 2955 1
1679 2956 1
1740 2956 1
107 2957 5
892 2957 3
2528 2958 1
66 2958 1
1166 2959 2
485 2959 6
151 2960 2
12 2960 1
2924 2961 5
2114 2961 3
1490 2962 1
1134 2962 1
2308 2963 1
51 2963 1
119 2964 2
2006 2964 4
1051 2965 1
700 2965 2
10 2966 23
1190 2966 2
243 2967 3
13 2967 1
2245 2968 1
1065 2968 1
2116 2969 9
273 2969 1
835 2970 1
2575 2970 1
11 2971 1
1114 2971 1
873 2972 3
1413 2972 3
3 2973 1
570 2973 1
805 2974 5
2201 2974 2
939 2975 2
655 2975 1
141 2976 2
360 2976 1
3 2977 1
109 2977 10
2649 2978 1
1169 2978 2
132 2979 1
684 2979 2
932 2980 1
180 2980 1
497 2981 1
242 2981 1
1776 2982 1
1279 2982 1
99 2983 3
1577 2983 3
56 2984 1
2860 2984 1
1428 2985 6
29 2985 1
1153 2986 1
1157 2986 6
12 2987 1
1146 2987 2
471 2988 1
179 2988 6
1678 2989 4
36 2989 1
2 2990 2
1883 2990 2
550 2991 1
481 2991 1
273 2992 1
2042 2992 2
1427 2993 6
767 2993 2
1991 2994 2
26 2994 1
912 2995 1
505 2995 6
1906 2996 1
70 2996 1
255 2997 1
1378 2997 1
1467 2998 3
163 2998 6
659 2999 1
789 2999 1
2676 3000 2
1849 3000 1
449 3001 2
1311 3001 1
169 3002 1
367 3002 2
288 3003 2
719 3003 6
86 3004 1
997 3004 1
398 3005 1
1136 3005 2
858 3006 1
1231 3006 1
2770 3007 3
1049 3007 1
42 3008 3
1213 3008 9
2434 3009 5
347 3009 1
1724 3010 1
6 3010 1
907 3011 1
316 3011 3
267 3012 1
2000 3012 2
562 3013 2
181 3013 1
968 3014 1
2869 3014 1
1102 3015 1
2160 3015 1
255 3016 1
1948 3016 1
382 3017 1
164 3017 1
736 3018 1
2961 3018 7
605 3019 1
764 3019 1
621 3020 1
801 3020 6
1941 3021 1
1697 3021 1
12 3022 1
1188 3022 1
74 3023 1
251 3023 1
1406 3024 1
2182 3024 2
2777 3025 6
1292 3025 2
1071 3026 2
141 3026 1
678 3027 1
1096 3027 1
734 3028 2
1949 3028 1
63 3029 1
3012 3029 1
1181 3030 1
990 3030 1
2375 3031 1
41 3031 1
1793 3032 1
754 3032 1
45 3033 3
5 3033 1
13 3034 42
2 3034 1
2080 3035 5
851 3035 15
117 3036 3
878 3036 3
258 3037 1
800 3037 1
3010 3038 1
505 3038 8
1741 3039 3
185 3039 3
81 3040 3
2810 3040 2
654 3041 1
961 3041 11
2817 3042 3
1592 3042 3
1 3043 4
1979 3043 6
879 3044 1
1154 3044 1
6 3045 1
2988 3045 1
139 3046 2
1032 3046 1
2694 3047 1
1253 3047 1
1710 3048 2
353 3048 1
660 3049 1
400 3049 7
1884 3050 1
1227 3050 1
203 3051 1
2870 3051 1
1219 3052 1
2182 3052 1
13 3053 1
1705 3053 1
324 3054 2
12 3054 1
661 3055 2
2942 3055 1
61 3056 10
10 3056 2
1663 3057 2
90 3057 2
2833 3058 1
1778 3058 6
2669 3059 2
244 3059 1
1878 3060 4
2892 3060 1
387 3061 1
1282 3061 1
391 3062 1
582 3062 1
1540 3063 1
2673 3063 1
6 3064 1
191 3064 1
508 3065 1
1806 3065 1
1284 3066 3
62 3066 1
702 3067 1
2068 3067 1
272 3068 1
1156 3068 1
816 3069 8
2093 3069 3
180 3070 1
10 3070 1
2260 3071 1
363 3071 1
115 3072 1
2016 3072 1
66 3073 2
1563 3073 2
74 3074 4
34 3074 1
408 3075 2
188 3075 1
660 3076 1
530 3076 1
1761 3077 1
2184 3077 6
754 3078 1
1388 3078 1
8 3079 1
3 3079 1
831 3080 1
882 3080 1
943 3081 3
566 3081 4
13 3082 4
1045 3082 2
726 3083 1
14 3083 1
627 3084 1
1552 3084 2
250 3085 1
1466 3085 1
2118 3086 1
412 3086 10
1705 3087 1
1035 3087 1
1401 3088 3
1755 3088 1
2880 3089 1
1481 3089 1
2090 3090 1
3 3090 5
215 3091 1
44 3091 1
7 3092 1
1384 3092 4
11 3093 2
2637 3093 1
1866 3094 4
825 3094 2
1602 3095 1
975 3095 2
227 3096 2
288 3096 1
1219 3097 1
869 3097 1
17 3098 1
1895 3098 1
1136 3099 1
1818 3099 2
1107 3100 1
1596 3100 48
1140 3101 1
1728 3101 1
1676 3102 1
319 3102 2
1169 3103 3
2686 3103 3
91 3104 1
2755 3104 1
2491 3105 5
2601 3105 1
1463 3106 2
215 3106 1
684 3107 3
1027 3107 1
993 3108 1
6 3108 1
1301 3109 1
1390 3109 2
1532 3110 1
1355 3110 1
458 3111 1
2617 3111 4
76 3112 1
180 3112 3
1519 3113 1
842 3113 6
1 3114 1
90 3114 1
859 3115 1
2312 3115 1
2385 3116 2
2116 3116 1
1655 3117 1
1591 3117 1
1051 3118 4
1927 3118 1
191 3119 1
405 3119 1
48 3120 4
2314 3120 2
1701 3121 1
2923 3121 1
3027 3122 1
2441 3122 1
328 3123 6
2229 3123 1
1391 3124 1
164 3124 1
3058 3125 3
997 3125 1
12 3126 1
2167 3126 1
1608 3127 1
442 3127 3
51 3128 2
508 3128 6
3053 3129 2
1142 3129 2
2386 3130 1
2 3130 2
1962 3131 1
1390 3131 1
2179 3132 1
724 3132 1
397 3133 2
2176 3133 7
1388 3134 1
1791 3134 1
1495 3135 1
216 3135 1
1100 3136 2
2770 3136 1
2379 3137 3
1489 3137 1
1634 3138 3
324 3138 1
857 3139 11
1476 3139 1
11 3140 3
701 3140 2
887 3141 1
186 3141 1
2380 3142 2
12 3142 1
2679 3143 1
2080 3143 2
103 3144 3
309 3144 1
3 3145 3
312 3145 1
459 3146 1
94 3146 1
2970 3147 4
88 3147 5
18 3148 1
2020 3148 1
263 3149 1
598 3149 2
110 3150 1
1131 3150 1
657 3151 4
1267 3151 1
2468 3152 1
2972 3152 3
602 3153 1
446 3153 1
118 3154 8
203 3154 4
1245 3155 2
819 3155 2
249 3156 1
660 3156 8
1278 3157 1
1146 3157 1
1259 3158 1
2987 3158 2
158 3159 1
604 3159 3
3151 3160 3
2092 3160 3
312 3161 1
452 3161 2
1609 3162 1
27 3162 1
830 3163 3
21 3163 1
2043 3164 2
1 3164 1
125 3165 1
751 3165 3
9 3166 1
232 3166 2
329 3167 25
1879 3167 1
1858 3168 1
164 3168 16
2024 3169 10
2946 3169 1
1147 3170 6
11 3170 1
66 3171 1
2625 3171 1
160 3172 5
2 3172 1
1478 3173 1
2723 3173 4
1033 3174 1
1927 3174 1
2892 3175 1
251 3175 8
1530 3176 3
549 3176 28
426 3177 11
1824 3177 1
1273 3178 1
391 3178 2
1949 3179 1
912 3179 1
1724 3180 2
713 3180 1
875 3181 2
1263 3181 1
513 3182 1
2208 3182 1
2185 3183 4
1575 3183 1
4 3184 1
1018 3184 1
41 3185 7
1024 3185 1
2247 3186 1
2 3186 1
486 3187 2
155 3187 2
397 3188 1
940 3188 5
864 3189 1
307 3189 2
684 3190 1
3 3190 2
5 3191 1
2904 3191 3
2579 3192 3
1546 3192 1
17 3193 2
1258 3193 1
2352 3194 1
2805 3194 2
210 3195 1
199 3195 2
804 3196 1
56 3196 2
1726 3197 1
47 3197 1
2709 3198 1
870 3198 1
2312 3199 1
1947 3199 1
145 3200 4
2981 3200 1
606 3201 1
2669 3201 2
48 3202 1
793 3202 1
2655 3203 1
1472 3203 4
9 3204 1
1145 3204 2
2987 3205 5
13 3205 1
73 3206 2
2209 3206 2
820 3207 1
165 3207 1
1444 3208 4
2355 3208 1
2725 3209 1
175 3209 20
1186 3210 1
217 3210 1
635 3211 2
1023 3211 1
2958 3212 3
2876 3212 1
2356 3213 1
2427 3213 10
2267 3214 1
1417 3214 1
1287 3215 1
2397 3215 4
1746 3216 2
2 3216 2
1705 3217 1
220 3217 2
194 3218 1
68 3218 1
2479 3219 2
435 3219 2
102 3220 2
356 3220 10
89 3221 1
930 3221 2
482 3222 2
459 3222 1
842 3223 1
469 3223 1
190 3224 2
1 3224 1
682 3225 1
1692 3225 2
62 3226 1
26 3226 1
795 3227 1
195 3227 7
158 3228 1
2 3228 3
1973 3229 1
176 3229 5
56 3230 1
628 3230 6
565 3231 1
321 3231 1
274 3232 1
1233 3232 2
1606 3233 16
1233 3233 1
127 3234 1
337 3234 2
1770 3235 1
70 3235 2
955 3236 1
1476 3236 1
126 3237 1
2634 3237 1
109 3238 1
2379 3238 1
1219 3239 1
1188 3239 1
2337 3240 3
1417 3240 2
1979 3241 1
2083 3241 1
3052 3242 1
2678 3242 1
982 3243 1
909 3243 1
533 3244 2
379 3244 1
10 3245 1
184 3245 2
1500 3246 1
165 3246 1
774 3247 1
318 3247 21
30 3248 1
6 3248 1
456 3249 2
1658 3249 23
770 3250 1
1178 3250 1
1830 3251 2
1639 3251 2
1313 3252 2
284 3252 1
213 3253 1
39 3253 1
1417 3254 1
1918 3254 7
1955 3255 1
250 3255 1
2898 3256 1
684 3256 1
1224 3257 1
601 3257 1
61 3258 18
79 3258 1
467 3259 1
1886 3259 2
41 3260 1
1055 3260 4
94 3261 1
379 3261 1
89 3262 3
2157 3262 5
630 3263 1
116 3263 2
355 3264 1
1775 3264 2
10 3265 1
2182 3265 1
369 3266 1
164 3266 1
784 3267 1
2396 3267 1
91 3268 1
37 3268 1
165 3269 1
3183 3269 4
166 3270 1
435 3270 1
169 3271 1
439 3271 2
72 3272 2
7 3272 1
122 3273 1
164 3273 1
56 3274 5
634 3274 2
3177 3275 2
2 3275 1
1570 3276 1
2920 3276 1
851 3277 3
1979 3277 1
1 3278 2
906 3278 5
473 3279 1
2360 3279 4
244 3280 1
10 3280 2
1729 3281 1
2155 3281 1
10 3282 1
583 3282 1
799 3283 7
2274 3283 2
630 3284 1
3063 3284 2
522 3285 2
2163 3285 4
1490 3286 1
761 3286 1
2743 3287 1
68 3287 1
380 3288 5
42 3288 1
924 3289 1
587 3289 1
6 3290 2
2244 3290 3
1518 3291 16
1589 3291 1
165 3292 2
760 3292 1
439 3293 2
307 3293 1
1182 3294 1
1580 3294 2
979 3295 2
850 3295 3
1287 3296 2
924 3296 2
1 3297 1
227 3297 1
5 3298 15
3097 3298 1
187 3299 2
2814 3299 3
1280 3300 2
13 3300 1
38 3301 2
89 3301 9
1287 3302 1
2669 3302 1
196 3303 2
2061 3303 1
19 3304 1
1211 3304 2
42 3305 1
2 3305 1
350 3306 2
2266 3306 4
3028 3307 2
1141 3307 1
1617 3308 1
1935 3308 1
939 3309 12
148 3309 1
562 3310 1
412 3310 1
272 3311 2
6 3311 1
332 3312 1
774 3312 1
863 3313 1
2429 3313 1
721 3314 1
1460 3314 1
2451 3315 1
1246 3315 1
26 3316 1
16 3316 1
2138 3317 4
63 3317 1
1979 3318 1
2037 3318 1
515 3319 2
2249 3319 3
1601 3320 4
1 3320 1
3171 3321 1
129 3321 2
165 3322 1
1011 3322 6
362 3323 1
760 3323 1
2150 3324 1
946 3324 1
74 3325 2
1002 3325 1
3001 3326 20
605 3326 16
2302 3327 2
2264 3327 1
52 3328 3
2331 3328 1
5 3329 2
10 3329 1
6 3330 1
1008 3330 5
1019 3331 1
163 3331 2
1122 3332 4
395 3332 2
1254 3333 3
1055 3333 9
2620 3334 3
837 3334 1
12 3335 1
2974 3335 1
530 3336 1
2124 3336 1
1501 3337 3
1622 3337 3
2631 3338 1
2407 3338 7
682 3339 2
18 3339 7
202 3340 4
31 3340 1
116 3341 1
1396 3341 1
388 3342 7
131 3342 7
3021 3343 13
130 3343 2
63 3344 1
660 3344 1
56 3345 1
3 3345 1
255 3346 1
2728 3346 2
2 3347 2
1532 3347 5
357 3348 1
2305 3348 1
2568 3349 1
159 3349 2
49 3350 1
981 3350 2
1967 3351 1
207 3351 9
670 3352 1
543 3352 1
34 3353 1
219 3353 1
1049 3354 1
545 3354 1
1785 3355 20
97 3355 1
570 3356 2
1596 3356 1
2041 3357 2
1 3357 1
60 3358 2
951 3358 2
156 3359 2
97 3359 3
162 3360 3
822 3360 42
1408 3361 2
2996 3361 1
1538 3362 1
603 3362 1
444 3363 1
2746 3363 6
1229 3364 1
883 3364 1
134 3365 3
2908 3365 1
1386 3366 2
1947 3366 4
72 3367 2
262 3367 2
26 3368 11
48 3368 1
239 3369 2
1163 3369 2
568 3370 1
680 3370 5
481 3371 1
2642 3371 11
67 3372 3
607 3372 4
861 3373 1
2545 3373 12
309 3374 2
2912 3374 2
3218 3375 1
1735 3375 2
432 3376 1
483 3376 1
2104 3377 1
839 3377 7
5 3378 11
2804 3378 1
79 3379 1
1195 3379 1
136 3380 2
139 3380 3
157 3381 2
2509 3381 1
82 3382 4
3306 3382 4
3 3383 1
154 3383 1
2450 3384 1
1400 3384 1
114 3385 2
219 3385 1
638 3386 1
958 3386 2
1388 3387 1
2020 3387 1
1746 3388 1
66 3388 1
1075 3389 4
559 3389 1
175 3390 1
91 3390 3
55 3391 1
1507 3391 2
2920 3392 1
225 3392 1
780 3393 1
1229 3393 1
1032 3394 1
1232 3394 1
1948 3395 2
1801 3395 1
319 3396 3
1842 3396 1
1033 3397 1
2664 3397 1
63 3398 2
511 3398 1
3332 3399 1
257 3399 1
1026 3400 4
2169 3400 1
374 3401 1
2080 3401 1
222 3402 1
1601 3402 2
810 3403 2
65 3403 1
1500 3404 32
90 3404 2
605 3405 1
494 3405 1
45 3406 1
1 3406 1
61 3407 1
3 3407 4
3 3408 2
1251 3408 3
718 3409 1
2334 3409 2
91 3410 2
316 3410 2
1538 3411 1
1088 3411 3
1523 3412 1
1414 3412 4
91 3413 2
1580 3413 1
194 3414 3
1806 3414 1
1665 3415 1
763 3415 1
338 3416 1
3185 3416 1
1659 3417 1
581 3417 9
48 3418 3
1199 3418 12
175 3419 1
638 3419 1
1489 3420 3
16 3420 6
1145 3421 1
48 3421 1
2886 3422 1
2377 3422 1
616 3423 1
3249 3423 1
7 3424 4
189 3424 3
546 3425 1
324 3425 1
1727 3426 3
557 3426 4
3009 3427 1
893 3427 6
91 3428 4
867 3428 1
287 3429 1
776 3429 2
714 3430 2
584 3430 1
1871 3431 1
991 3431 1
200 3432 3
168 3432 1
480 3433 2
1186 3433 1
493 3434 1
1475 3434 7
824 3435 1
1061 3435 2
508 3436 1
136 3436 4
1580 3437 1
1073 3437 3
405 3438 5
56 3438 1
670 3439 1
37 3439 1
2168 3440 14
647 3440 10
137 3441 2
1980 3441 2
109 3442 2
588 3442 1
25 3443 1
2126 3443 1
1052 3444 1
522 3444 1
2232 3445 1
1839 3445 1
1310 3446 1
36 3446 1
371 3447 1
2704 3447 1
219 3448 1
905 3448 1
1851 3449 1
355 3449 2
2200 3450 1
3315 3450 5
288 3451 1
2123 3451 4
1902 3452 1
24 3452 10
406 3453 3
416 3453 2
1636 3454 1
2231 3454 1
12 3455 1
2476 3455 1
1163 3456 2
637 3456 1
1705 3457 1
857 3457 2
3083 3458 1
2473 3458 1
2650 3459 1
726 3459 1
1443 3460 2
1663 3460 1
667 3461 1
1032 3461 2
147 3462 1
911 3462 1
2906 3463 5
2419 3463 3
12 3464 1
2509 3464 1
217 3465 1
1 3465 2
3041 3466 2
10 3466 1
2669 3467 1
108 3467 3
2345 3468 1
1336 3468 1
395 3469 2
1041 3469 2
2725 3470 3
452 3470 4
234 3471 2
1178 3471 1
1357 3472 1
669 3472 1
758 3473 3
59 3473 2
303 3474 2
156 3474 1
1777 3475 4
576 3475 1
1936 3476 1
1686 3476 3
2718 3477 1
1254 3477 2
3250 3478 2
734 3478 3
2337 3479 1
1310 3479 1
2588 3480 1
397 3480 1
3 3481 1
227 3481 9
399 3482 1
1398 3482 2
1916 3483 2
1205 3483 2
2930 3484 2
2623 3484 1
348 3485 1
727 3485 1
3066 3486 5
163 3486 2
5 3487 1
26 3487 1
2115 3488 1
1924 3488 1
2508 3489 1
2392 3489 3
774 3490 2
614 3490 1
484 3491 1
1759 3491 2
1777 3492 1
1129 3492 1
36 3493 1
3 3493 1
2173 3494 4
854 3494 2
55 3495 5
2934 3495 2
6 3496 1
329 3496 4
219 3497 3
1688 3497 1
499 3498 1
1013 3498 4
261 3499 2
1847 3499 1
3351 3500 1
1795 3500 2
2248 3501 2
8 3501 1
140 3502 1
150 3502 1
137 3503 3
539 3503 4
1069 3504 1
1543 3504 1
2661 3505 1
1785 3505 1
103 3506 1
1391 3506 1
10 3507 1
2029 3507 4
1101 3508 1
2501 3508 1
1384 3509 4
515 3509 1
2505 3510 1
1137 3510 1
2547 3511 1
1444 3511 5
436 3512 3
1572 3512 1
1883 3513 2
358 3513 9
3040 3514 1
378 3514 2
148 3515 1
1666 3515 4
7 3516 4
806 3516 1
1351 3517 4
10 3517 1
5 3518 1
3358 3518 3
3514 3519 1
2613 3519 1
14 3520 2
48 3520 1
1032 3521 1
3141 3521 1
6 3522 3
274 3522 1
937 3523 7
418 3523 1
2888 3524 1
3446 3524 1
315 3525 27
1213 3525 2
205 3526 1
3122 3526 1
52 3527 2
145 3527 1
87 3528 1
1193 3528 5
266 3529 1
7 3529 1
238 3530 6
1 3530 1
337 3531 1
2987 3531 10
3036 3532 5
594 3532 4
3307 3533 1
578 3533 8
1125 3534 1
2797 3534 1
1247 3535 10
117 3535 1
2637 3536 1
2704 3536 1
604 3537 2
737 3537 4
750 3538 2
77 3538 3
1740 3539 1
1 3539 1
501 3540 2
1084 3540 4
786 3541 1
529 3541 1
883 3542 1
2254 3542 10
3191 3543 1
3074 3543 1
1734 3544 6
666 3544 3
1492 3545 1
12 3545 9
3381 3546 1
3 3546 3
182 3547 1
372 3547 1
534 3548 1
1506 3548 1
3294 3549 1
701 3549 5
878 3550 1
329 3550 1
1064 3551 1
38 3551 1
34 3552 1
1035 3552 1
687 3553 3
2756 3553 9
533 3554 1
7 3554 3
1715 3555 2
1300 3555 1
1125 3556 1
497 3556 1
250 3557 1
1470 3557 1
660 3558 2
200 3558 5
436 3559 1
1741 3559 3
1533 3560 1
182 3560 10
940 3561 1
3082 3561 1
3278 3562 1
754 3562 4
2249 3563 1
1733 3563 7
1263 3564 1
1 3564 1
886 3565 1
2370 3565 1
12 3566 1
1843 3566 7
1144 3567 2
680 3567 1
1530 3568 7
1425 3568 5
1579 3569 1
1903 3569 1
1827 3570 7
2522 3570 1
12 3571 1
1865 3571 1
3554 3572 7
2142 3572 1
1226 3573 5
150 3573 4
2303 3574 1
232 3574 2
14 3575 1
516 3575 1
530 3576 1
49 3576 2
36 3577 3
105 3577 2
10 3578 1
778 3578 1
3325 3579 1
103 3579 1
2 3580 1
2875 3580 1
91 3581 1
2892 3581 4
815 3582 2
2017 3582 1
1140 3583 8
274 3583 4
845 3584 2
1 3584 1
3260 3585 1
1624 3585 1
12 3586 1
1061 3586 1
3 3587 12
2982 3587 1
2953 3588 1
534 3588 1
550 3589 3
484 3589 7
1510 3590 2
1954 3590 1
534 3591 1
335 3591 11
154 3592 1
3492 3592 1
1797 3593 2
3299 3593 4
307 3594 1
904 3594 1
19 3595 9
12 3595 2
461 3596 1
1 3596 6
126 3597 1
511 3597 1
1744 3598 2
1167 3598 1
1080 3599 5
656 3599 1
2585 3600 1
89 3600 1
1172 3601 1
307 3601 1
3 3602 1
291 3602 1
1835 3603 1
687 3603 1
62 3604 1
331 3604 1
3359 3605 1
1055 3605 1
405 3606 1
7 3606 1
424 3607 1
837 3607 4
1107 3608 1
655 3608 1
889 3609 5
2 3609 1
902 3610 10
1532 3610 1
749 3611 1
3042 3611 1
268 3612 1
1859 3612 1
704 3613 1
636 3613 2
740 3614 1
229 3614 1
1077 3615 1
1218 3615 1
718 3616 1
1297 3616 1
272 3617 2
3200 3617 1
208 3618 1
3399 3618 1
89 3619 1
1178 3619 4
5 3620 1
3063 3620 2
1623 3621 1
1 3621 1
649 3622 1
958 3622 1
1692 3623 1
1156 3623 1
1295 3624 9
2000 3624 9
3311 3625 1
2738 3625 9
3 3626 2
496 3626 2
1069 3627 1
2178 3627 1
2666 3628 1
1077 3628 1
3408 3629 5
2514 3629 7
1099 3630 1
6 3630 1
2388 3631 2
1301 3631 2
3213 3632 1
132 3632 1
2888 3633 1
1380 3633 3
1265 3634 1
26 3634 1
399 3635 1
1422 3635 2
2 3636 3
163 3636 1
878 3637 1
7 3637 2
437 3638 1
1918 3638 1
7 3639 1
3316 3639 1
221 3640 1
2921 3640 3
1354 3641 1
24 3641 1
178 3642 3
3509 3642 4
840 3643 1
395 3643 1
808 3644 3
1053 3644 1
705 3645 1
2676 3645 1
143 3646 1
3572 3646 1
289 3647 3
1479 3647 1
274 3648 2
1033 3648 1
2100 3649 1
16 3649 1
48 3650 1
1328 3650 1
2267 3651 1
1209 3651 6
1475 3652 1
1757 3652 1
957 3653 1
1148 3653 1
969 3654 1
2945 3654 1
1044 3655 1
770 3655 2
22 3656 1
2030 3656 1
508 3657 1
1131 3657 1
827 3658 1
137 3658 1
513 3659 4
488 3659 8
2448 3660 1
229 3660 8
362 3661 9
2100 3661 1
3353 3662 1
1307 3662 1
2542 3663 1
829 3663 1
406 3664 1
177 3664 4
527 3665 1
1631 3665 2
704 3666 1
1043 3666 6
2798 3667 1
3226 3667 1
1016 3668 1
744 3668 5
278 3669 1
484 3669 1
1277 3670 1
2119 3670 1
196 3671 1
726 3671 1
2 3672 1
1169 3672 1
2492 3673 1
3097 3673 6
3196 3674 1
2004 3674 1
74 3675 4
89 3675 1
3102 3676 1
985 3676 1
2227 3677 1
3164 3677 1
2972 3678 1
604 3678 3
1370 3679 1
101 3679 2
153 3680 1
1470 3680 1
147 3681 1
173 3681 1
1740 3682 2
1484 3682 1
1678 3683 1
1958 3683 1
2157 3684 1
2303 3684 1
374 3685 1
740 3685 1
3165 3686 1
10 3686 1
1154 3687 1
1073 3687 1
1459 3688 1
196 3688 1
977 3689 1
2324 3689 1
2464 3690 5
1696 3690 2
2595 3691 1
853 3691 5
883 3692 2
1220 3692 1
1390 3693 1
1135 3693 4
827 3694 1
1297 3694 2
3058 3695 1
831 3695 1
10 3696 1
407 3696 2
121 3697 1
1828 3697 4
309 3698 1
3356 3698 2
183 3699 1
143 3699 4
832 3700 1
2937 3700 1
2655 3701 1
436 3701 1
1897 3702 6
3533 3702 2
2276 3703 1
2896 3703 1
126 3704 1
2266 3704 1
418 3705 1
15 3705 6
87 3706 3
13 3706 1
3165 3707 1
2234 3707 1
1139 3708 1
15 3708 5
1642 3709 1
533 3709 1
2329 3710 1
1106 3710 2
674 3711 1
1566 3711 1
1390 3712 1
121 3712 1
66 3713 1
831 3713 5
459 3714 1
391 3714 1
73 3715 1
140 3715 2
3512 3716 1
3200 3716 1
1688 3717 2
2465 3717 4
630 3718 1
1796 3718 1
132 3719 3
3236 3719 1
2864 3720 1
5 3720 1
1534 3721 1
109 3721 1
3321 3722 1
868 3722 2
1857 3723 1
436 3723 2
3694 3724 1
45 3724 1
835 3725 1
1140 3725 1
889 3726 3
549 3726 1
307 3727 1
71 3727 3
1076 3728 1
155 3728 1
3514 3729 2
220 3729 1
990 3730 1
421 3730 8
2242 3731 7
3548 3731 2
719 3732 1
2337 3732 1
627 3733 1
360 3733 6
362 3734 1
1285 3734 3
2518 3735 1
27 3735 2
935 3736 2
375 3736 1
3633 3737 1
10 3737 1
224 3738 1
198 3738 1
